PARAMETER,VALUE,UNITS/NOTES

UPASserial,01066,(UPAS serial identification-numerical)
UPASpcbRev,1,(UPAS pcb revision number)
UPASexpRev,0BR2,(UPAS expansion pcb rev)
MotionID,0x6C,0x6B=LSM6DSRX 0x6C=LSM6DSOX)
PMserial,1515B4A279410B37_2.3_7_2.0,(SPS30 serial identification_FWver_HWrev_SHDLCver)
CO2serial,0x4173076fd23b,(SCD4x serial identification)
Gasserial,0x000004c8a91d,(SGP4x serial identification)
UPASfirmware,UPAS_v2_x-rev_00210-L476RG-RELEASE.bin compiled ( May  4 2026 )_( 10:25:16 )UTC,(installed firmware version)
LifetimeSampleCount,551,(count-total lifetime sample runs)
LifetimeSampleRuntime, 1099.34,(hrs-total lifetime cumulative sample runtime)
LifetimeBatteryRuntime, 1099.34,(hrs-total lifetime cumulative battery runtime starting 20250203)
LifetimeSamplePumptime,  838.63,(hrs-total lifetime cumulative filter pump runtime starting 20250203)
LifetimePMSensorFanStartCount,23922,(#-total lifetime pm sensor fan starts starting 20250203)
LifetimePMSensorFanHours,  699.34,(hrs-total lifetime pm sensor fan runtime starting 20250203)
LifetimePMSensorPMMC,   0.000035,(mg-total lifetime pm mass estimate through PM Sensor starting 20250203)
LifetimeCO2SensorHours,  941.12,(hrs-total lifetime co2 sensor runtime starting 20250203)
LifetimeVOCSensorHours,  892.64,(hrs-total lifetime voc sensor runtime starting 20250203)




SAMPLE IDENTIFICATION

LogFilename,/20260519/PSP01066_LOG_2026-05-19T16_35_06UTC_DIAGNOSTIC-----___________.txt,(log file filename-automatically defined)
SampleName,DIAGNOSTIC-----,(Sample Name-user entered into app)
CartridgeID,__________,(Cartridge Identification-user entered into app)




SETUP SUMMARY

GPSUTCOffset,-6.00,(hours offset from UTC date time)
StartOnNextPowerUp,0,(0=no 1=yes 2=system reset 4=always)
ProgrammedStartTime,0,(0 = Now or Start On Next or seconds since 1/1/1970)
ProgrammedRuntime,indefinite,(Hr)
SizeSelectiveInlet,PM2.5,(inlet particle size fraction)
FlowRateSetpoint,1.000,(L*min^-1)
FlowOffset,0.000000,(%)
FlowDutyCycle,100,(%)
DutyCycleWindow,30,(s)
GPSEnabled,1,(0=no 1=yes)
PMSensorInterval,1,(0=sensor disabled 1=continuous measurement 2-15=intermittent measurement interval in minutes 16=15s warmup-5s measurement-10s sleep 17=15s warmup-5s measurement-40s sleep 18=20s warmup-10s measurement-30s sleep 254=not installed)
RTGasSampleState,1,(0=off 1=on 254=not installed)
CO2SampleState,1,(0=off 1=on 254=not installed)
LogInterval,1,(s)
SamplerConfiguration,0,(0=personal/mobile 1=stationary)
ExternalPowerMode,F0,(0F=off F0=on)
PowerSaveMode,0,(0=off 1=on)
AppLock,0,(0=unlocked 1=locked -1=not set)
AppVersion,i1.1.2,(i=iOS A=Android)




SAMPLE SUMMARY

StartDateTimeUTC,2026-05-19T16:35:06,(YYYY-MM-DDTHH:MM:SS) (UTC date time format)
StartDateTimeLocal,2026-05-19T10:35:06,(YYYY-MM-DDTHH:MM:SS) (Local date time format)
EndDateTimeUTC,2026-05-19T16:37:35,(YYYY-MM-DDTHH:MM:SS) (UTC date time format)
EndDateTimeLocal,2026-05-19T10:37:35,(YYYY-MM-DDTHH:MM:SS) (Local date time format)
FlowCheckMeterReadingPreSample,NA,(L*min^-1)
FlowCheckMeterReadingPostSample,NA,(L*min^-1)
OverallDuration,   0.026,(Hr)
PumpingDuration,   0.026,(Hr)
OverallFlowAvgFactory,1.607,(L*min^-1)
PumpingFlowAvgFactory,1.607,(L*min^-1)
SampledVolumeFactory,      2.55,(L)
OverallFlowAvgOffset,1.607,(L*min^-1)
PumpingFlowAvgOffset,1.607,(L*min^-1)
SampledVolumeOffset,      2.55,(L)
StartBatteryCharge,100,(%)
EndBatteryCharge,098,(%)
StartBatteryVoltage,4.13,(V)
EndBatteryVoltage,4.09,(V)
ShutdownMode,01,(0=unknown error shutdown 1=user pushbutton sample stop 2=depleted battery shutdown [<2.8v] 3=successfully completed preset sample duration 4=thermal protection shutdown 5=max power at initialization error 6=max pump voltage during sample shutdown 7=blocked flow during sample shutdown 8=i2c bus error) If your device is having issues email contact@accsensors for support




CO2 SENSOR CALIBRATION

CO2CalDate,2026-05-04T19:36:22,(YYYY-MM-DDTHH:MM:SS) (UTC date time format)
CO2CalTarget,417,(ppm)
CO2CalOffset,13,(ppm)




MASS FLOW SENSOR CALIBRATION

MFSCalDate,2025-10-20T21:56:16,(YYYY-MM-DDTHH:MM:SS) (UTC date time format)
MFSCalPerson,,(name of person running and approving calibration)
MFSCalVoutBlocked,,(V)
MFSCalVoutMin,0.460000,(V)
MFSCalVoutMax,1.868875,(V)
MFSCalMFBlocked,,(g*min^-1)
MFSCalMFMin,0.004390,(g*min^-1)
MFSCalMFMax,2.888100,(g*min^-1)
MFSCalPumpVBoostMin,,(V)
MFSCalPumpVBoostMax,,(V)
MFSCalPDeadhead,,(Pa)
MF4,0.427606,(coefficient)
MF3,-0.885307,(coefficient)
MF2,0.486260,(coefficient)
MF1,1.276662,(coefficient)
MF0,-0.618741,(coefficient)




DIAGNOSTIC TEST

NO FLOW PRESSURES AND TEMPERATURES
(hPa),(hPa),(Pa),(C),(C),(C),(C),(C),(V),(integer),(integer),(V),(g*min^-1),(g*L^-1),(L*min^-1),(L*min^-1)
AtmoP,U29P,FilterDP,AtmoT,U12T,U29T,FdpT,AccelT,MFSVout,PumpPow1,PumpPow2,PumpV,MassFlowFactory,AtmoDensity,PumpingFlowFactory,PumpingFlowOffset
798.876038,799.027283,-0.100000,33.33,31.03,32.42,34.17,31.06,0.000000,1023,1023,0.000000,0.000000,0.904397,0.000000,0.000000

MAXIMUM DEADHEAD PRESSURE - FULL POWER AND BLOCKED INLET
(hPa),(hPa),(Pa),(C),(C),(C),(C),(C),(V),(integer),(integer),(V),(g*min^-1),(g*L^-1),(L*min^-1),(L*min^-1)
AtmoP,U29P,FilterDP,AtmoT,U12T,U29T,FdpT,AccelT,MFSVout,PumpPow1,PumpPow2,PumpV,MassFlowFactory,AtmoDensity,PumpingFlowFactory,PumpingFlowOffset
798.875244,799.132629,678.700012,33.33,31.03,33.16,34.90,31.10,1.944875,14,0,27.971716,2.888100,0.905153,3.190731,3.190731

MAXIMUM FLOW - FULL POWER AND OPEN INLET
(hPa),(hPa),(Pa),(C),(C),(C),(C),(C),(V),(integer),(integer),(V),(g*min^-1),(g*L^-1),(L*min^-1),(L*min^-1)
AtmoP,U29P,FilterDP,AtmoT,U12T,U29T,FdpT,AccelT,MFSVout,PumpPow1,PumpPow2,PumpV,MassFlowFactory,AtmoDensity,PumpingFlowFactory,PumpingFlowOffset
798.875916,799.168335,679.200012,33.33,31.03,33.89,35.73,31.22,1.942125,14,0,27.975004,2.888100,0.905575,3.189245,3.189245

MINIMUM FLOW - MINIMUM (IDLE) POWER AND OPEN INLET
(hPa),(hPa),(Pa),(C),(C),(C),(C),(C),(V),(integer),(integer),(V),(g*min^-1),(g*L^-1),(L*min^-1),(L*min^-1)
AtmoP,U29P,FilterDP,AtmoT,U12T,U29T,FdpT,AccelT,MFSVout,PumpPow1,PumpPow2,PumpV,MassFlowFactory,AtmoDensity,PumpingFlowFactory,PumpingFlowOffset
798.875671,799.084534,54.549999,33.33,31.04,33.97,36.06,31.26,0.986500,1023,1023,7.188654,0.668952,0.905448,0.738808,0.738808




SAMPLE LOG

DateTime,DateTime,DateTime,DateTime,FilterSample,FilterSample,FilterSample,FilterSample,FilterSample,FilterSample,FilterSample,Battery,Atmo,Atmo,Atmo,Atmo,Atmo,GPS,GPS,GPS,GPS,GPS,GPS,GPS,Motion,Motion,Motion,Motion,Motion,Motion,Motion,Motion,Motion,Motion,Motion,Motion,Motion,Motion,Motion,Motion,Motion,Motion,Light,Light,Light,Light,Light,Light,PMSensor,PMSensor,PMSensor,PMSensor,PMSensor,PMSensor,PMSensor,PMSensor,PMSensor,PMSensor,PMSensor,EngData,EngData,EngData,EngData,EngData,EngData,EngData,EngData,EngData,EngData,EngData,EngData,EngData,EngData,EngData,EngData,EngData,EngData,Gas,Gas,Gas,Gas,Gas
SampleTime,UnixTime,DateTimeUTC,DateTimeLocal,PumpingFlowFactory,OverallFlowFactory,SampledVolumeFactory,PumpingFlowOffset,OverallFlowOffset,SampledVolumeOffset,FilterDP,BatteryCharge,AtmoT,AtmoP,AtmoRH,AtmoDensity,AtmoAlt,GPSQual,GPSlat,GPSlon,GPSalt,GPSsat,GPSspeed,GPShDOP,AccelX,AccelXVar,AccelXMin,AccelXMax,AccelY,AccelYVar,AccelYMin,AccelYMax,AccelZ,AccelZVar,AccelZMin,AccelZMax,Xup,XDown,Yup,Ydown,Zup,Zdown,LUX,UVindex,HighVisRaw,LowVisRaw,IRRaw,UVRaw,PMMeasCnt,PM1MC,PM1MCVar,PM2_5MC,PM2_5MCVar,PM0_5NC,PM1NC,PM2_5NC,PMtypicalParticleSize,PM2_5SampledMassFactory,PM2_5SampledMassOffset,U12T,U29T,FdpT,AccelT,U29P,PumpPow1,PumpV,MassFlowFactory,MFSVout,BattVolt,v3_3,v5,Charging,ExtPow,FLOWCTL,GPSRT,SD_DATAW,SD_HEADW,CO2,SCDT,SCDRH,VOCRaw,NOXRaw
(HH:MM:SS),(s),(YYYY-MM-DDTHH:MM:SS) (UTC date time format),(YYYY-MM-DDTHH:MM:SS) (Local date time format),(L*min^-1),(L*min^-1),(L),(L*min^-1),(L*min^-1),(L),(Pa),(%),(C),(hPa),(%RH),(g*L^-1),(m ASL),(-),(decimalDegree),(decimalDegree),(m),(integer),(m*s^-1),(-),(mg),(mg),(mg),(mg),(mg),(mg),(mg),(mg),(mg),(mg),(mg),(mg),(%),(%),(%),(%),(%),(%),(lux),(-),(-),(-),(-),(-),(#),(ug*m^-3),(ug*m^-3),(ug*m^-3),(ug*m^-3),(#*cm^-3),(#*cm^-3),(#*cm^-3),(um),(ug),(ug),(C),(C),(C),(C),(hPa),(integer),(V),(g*min^-1),(V),(V),(V),(V),(bool),(bool),(s),(s),(s),(s),(ppm),(C),(%),(-),(-)
0:00:01,1779208561,2026-05-19T16:36:01,2026-05-19T10:36:01,1.002,1.002,0.017,1.002,1.002,0.017,79.35,100,34.25,798.87,10.47,0.9029,1960.8,0,-9999.000000,-9999.000000,-9999.0,0,-9999.000000,-9999.0,   996,,,,    27,,,,  -114,,,,0.0,100.0,0.0,0.0,0.0,0.0,11166.2,0.84,110325.0,8388607.0,121877.0,104.0,1,1.05,-0.00,1.95,-0.00,5.11,7.37,8.25,0.86,0.0000,0.0000,31.15,34.23,36.17,31.57,799.1,779,8.217,0.90493,1.157375,4.10,3.34,5.04,0,0,0.000000,0.000000,0.000000,0.000000,211.500000,28.525999,20.185499,31375.000000,16641.000000
0:00:02,1779208562,2026-05-19T16:36:02,2026-05-19T10:36:02,1.003,1.003,0.033,1.003,1.003,0.033,79.55,100,34.25,798.87,11.09,0.9028,1960.8,0,-9999.000000,-9999.000000,-9999.0,0,-9999.000000,-9999.0,   996,,,,    27,,,,  -114,,,,0.0,100.0,0.0,0.0,0.0,0.0,12765.8,0.96,128735.0,8388607.0,152853.0,119.0,1,1.09,-0.00,2.13,0.00,5.03,7.53,8.54,0.90,0.0001,0.0001,31.16,34.25,36.19,31.74,799.1,779,8.217,0.90512,1.157500,4.10,3.34,5.04,0,0,0.640000,0.000000,0.030000,0.060000,,,,31418.000000,17168.000000
0:00:03,1779208563,2026-05-19T16:36:03,2026-05-19T10:36:03,1.001,1.001,0.050,1.001,1.001,0.050,79.45,100,34.25,798.87,10.19,0.9030,1960.8,0,-9999.000000,-9999.000000,-9999.0,0,-9999.000000,-9999.0,   997,,,,    25,,,,  -113,,,,0.0,100.0,0.0,0.0,0.0,0.0,13273.9,0.95,133545.0,8388607.0,156752.0,118.0,1,1.11,0.00,2.17,0.00,5.17,7.71,8.74,0.90,0.0001,0.0001,31.17,34.25,36.19,31.72,799.2,779,8.217,0.90419,1.156875,4.10,3.34,5.04,0,0,0.630000,0.000000,0.030000,0.040000,,,,31485.000000,17126.000000
0:00:04,1779208564,2026-05-19T16:36:04,2026-05-19T10:36:04,1.001,1.001,0.067,1.001,1.001,0.067,79.40,099,34.25,798.86,10.45,0.9029,1960.8,0,-9999.000000,-9999.000000,-9999.0,0,-9999.000000,-9999.0,   996,,,,    26,,,,  -111,,,,0.0,100.0,0.0,0.0,0.0,0.0,12443.3,1.09,125063.0,8388607.0,146835.0,136.0,1,1.12,-0.00,2.18,-0.00,5.20,7.76,8.80,0.90,0.0001,0.0001,31.18,34.25,36.22,31.82,799.1,769,8.217,0.90419,1.156875,4.10,3.34,5.04,0,0,0.600000,0.000000,0.030000,0.040000,,,,31505.000000,17083.000000
0:00:05,1779208565,2026-05-19T16:36:05,2026-05-19T10:36:05,1.013,1.013,0.084,1.013,1.013,0.084,80.40,099,34.15,798.86,10.28,0.9032,1960.8,3,37.290318,-107.882729,2017.9,11,0.087000,1.0,   997,,,,    27,,,,  -102,,,,0.0,100.0,0.0,0.0,0.0,0.0,10794.5,0.55,106727.0,8388607.0,118573.0,68.0,1,1.12,-0.00,2.17,-0.00,5.18,7.73,8.75,0.90,0.0002,0.0002,31.45,34.49,36.25,31.66,799.2,285,12.668,1.80214,1.585750,4.10,3.34,5.04,0,0,0.620000,0.020000,0.030000,0.040000,260.000000,30.315001,18.318001,31566.000000,17047.000000
0:00:22,1779208582,2026-05-19T16:36:22,2026-05-19T10:36:22,1.994,1.994,0.117,1.994,1.994,0.117,209.75,098,34.15,798.86,10.22,0.9033,1960.8,0,-9999.000000,-9999.000000,-9999.0,0,-9999.000000,-9999.0,   997,,,,    27,,,,  -111,,,,0.0,100.0,0.0,0.0,0.0,0.0,10802.8,1.11,106801.0,8388607.0,118607.0,139.0,1,1.00,0.00,1.94,-0.00,4.64,6.91,7.83,0.91,0.0002,0.0002,31.46,34.52,36.48,31.85,799.1,285,12.668,1.80103,1.585375,4.09,3.34,5.04,0,0,17.200000,0.010000,0.030000,0.060000,273.000000,30.131001,18.399000,31970.000000,16794.000000
0:00:23,1779208583,2026-05-19T16:36:23,2026-05-19T10:36:23,1.987,1.987,0.150,1.987,1.987,0.150,212.15,098,34.15,798.86,10.28,0.9032,1960.8,3,37.290306,-107.882721,2019.8,11,0.050000,1.0,   997,,,,    27,,,,  -111,,,,0.0,100.0,0.0,0.0,0.0,0.0,10958.6,1.01,107924.0,8388607.0,117789.0,126.0,1,1.00,0.00,1.95,0.00,4.65,6.94,7.86,0.92,0.0003,0.0003,31.47,34.54,36.46,32.20,799.1,283,12.668,1.79513,1.583375,4.09,3.34,5.04,0,0,0.610000,0.020000,0.030000,0.040000,,,,31970.000000,16771.000000
0:00:24,1779208584,2026-05-19T16:36:24,2026-05-19T10:36:24,1.998,1.998,0.183,1.998,1.998,0.183,212.25,098,34.15,798.86,10.32,0.9032,1960.8,3,37.290306,-107.882721,2019.8,11,0.043000,1.0,   997,,,,    28,,,,  -111,,,,0.0,100.0,0.0,0.0,0.0,0.0,11037.4,0.98,108474.0,8388607.0,117276.0,122.0,1,1.01,0.00,1.94,-0.00,4.75,7.02,7.92,0.90,0.0004,0.0004,31.47,34.56,36.53,31.89,799.1,283,12.706,1.80436,1.586500,4.09,3.34,5.04,0,0,0.630000,0.020000,0.020000,0.040000,276.000000,30.087999,18.385000,31984.000000,16754.000000
0:00:25,1779208585,2026-05-19T16:36:25,2026-05-19T10:36:25,1.996,1.996,0.217,1.996,1.996,0.217,210.40,098,34.15,798.86,10.42,0.9032,1960.8,3,37.290306,-107.882721,2020.0,11,0.123000,1.0,   997,,,,    27,,,,  -113,,,,0.0,100.0,0.0,0.0,0.0,0.0,11039.9,0.98,108516.0,8388607.0,117401.0,121.0,1,1.02,-0.00,1.93,0.00,4.85,7.10,7.99,0.89,0.0004,0.0004,31.48,34.59,36.53,31.84,799.1,283,12.707,1.80288,1.586000,4.09,3.34,5.04,0,0,0.620000,0.020000,0.020000,0.050000,,,,32013.000000,16750.000000
0:00:26,1779208586,2026-05-19T16:36:26,2026-05-19T10:36:26,1.998,1.998,0.250,1.998,1.998,0.250,211.15,098,34.15,798.86,10.34,0.9032,1960.8,3,37.290306,-107.882721,2019.9,11,0.128000,1.0,   997,,,,    27,,,,  -111,,,,0.0,100.0,0.0,0.0,0.0,0.0,11071.3,0.79,108710.0,8388607.0,117047.0,98.0,1,1.01,0.00,1.92,0.00,4.83,7.07,7.95,0.89,0.0005,0.0005,31.48,34.61,36.59,31.96,799.1,283,12.707,1.80473,1.586625,4.09,3.34,5.04,0,0,0.620000,0.020000,0.030000,0.030000,,,,32018.000000,16735.000000
0:00:27,1779208587,2026-05-19T16:36:27,2026-05-19T10:36:27,1.997,1.997,0.283,1.997,1.997,0.283,215.60,098,34.15,798.86,10.48,0.9032,1960.8,3,37.290306,-107.882721,2019.8,11,0.059000,1.0,   997,,,,    27,,,,  -111,,,,0.0,100.0,0.0,0.0,0.0,0.0,11112.8,0.77,109138.0,8388607.0,117564.0,95.0,1,1.02,-0.00,1.94,0.00,4.88,7.14,8.03,0.88,0.0005,0.0005,31.49,34.63,36.58,31.81,799.1,283,12.707,1.80399,1.586375,4.09,3.34,5.04,0,0,0.620000,0.020000,0.030000,0.040000,,,,32018.000000,16743.000000
0:00:28,1779208588,2026-05-19T16:36:28,2026-05-19T10:36:28,1.993,1.993,0.316,1.993,1.993,0.316,211.35,098,34.15,798.86,10.65,0.9032,1960.8,3,37.290302,-107.882721,2019.8,10,0.066000,1.2,   997,,,,    27,,,,  -112,,,,0.0,100.0,0.0,0.0,0.0,0.0,11159.6,1.02,109600.0,8388607.0,118035.0,127.0,1,1.02,-0.00,1.94,0.00,4.87,7.13,8.02,0.88,0.0006,0.0006,31.50,34.65,36.65,31.52,799.2,283,12.706,1.79992,1.585000,4.09,3.34,5.04,0,0,0.620000,0.020000,0.030000,0.040000,,,,32000.000000,16720.000000
0:00:29,1779208589,2026-05-19T16:36:29,2026-05-19T10:36:29,1.991,1.991,0.350,1.991,1.991,0.350,212.30,098,34.15,798.86,10.66,0.9032,1960.8,3,37.290302,-107.882721,2019.6,11,0.068000,1.0,   996,,,,    27,,,,  -112,,,,0.0,100.0,0.0,0.0,0.0,0.0,11170.3,0.86,109711.0,8388607.0,118174.0,107.0,1,1.05,0.00,2.02,-0.00,4.87,7.24,8.19,0.90,0.0007,0.0007,31.50,34.68,36.65,31.89,799.2,283,12.707,1.79808,1.584375,4.09,3.34,5.04,0,0,0.620000,0.020000,0.030000,0.040000,280.000000,30.048000,18.275000,32027.000000,16690.000000
0:00:30,1779208590,2026-05-19T16:36:30,2026-05-19T10:36:30,1.991,1.991,0.383,1.991,1.991,0.383,214.25,098,34.15,798.86,10.36,0.9032,1960.8,3,37.290302,-107.882721,2019.5,11,0.035000,1.0,   997,,,,    27,,,,  -112,,,,0.0,100.0,0.0,0.0,0.0,0.0,11185.3,1.02,109939.0,8388607.0,118782.0,127.0,1,1.08,0.00,2.07,-0.00,5.08,7.50,8.46,0.89,0.0007,0.0007,31.51,34.70,36.67,31.78,799.2,283,12.706,1.79808,1.584375,4.09,3.34,5.04,0,0,0.630000,0.020000,0.030000,0.040000,,,,32067.000000,16676.000000
0:00:31,1779208591,2026-05-19T16:36:31,2026-05-19T10:36:31,1.994,1.994,0.416,1.994,1.994,0.416,211.35,098,34.15,798.86,9.94,0.9033,1960.8,3,37.290302,-107.882721,2019.4,11,0.068000,1.0,   997,,,,    28,,,,  -111,,,,0.0,100.0,0.0,0.0,0.0,0.0,11185.7,0.82,109992.0,8388607.0,119066.0,102.0,1,1.10,-0.00,2.10,-0.00,5.15,7.61,8.59,0.89,0.0008,0.0008,31.51,34.71,36.71,31.93,799.1,283,12.707,1.80140,1.585500,4.09,3.34,5.04,0,0,0.620000,0.020000,0.030000,0.040000,,,,32077.000000,16660.000000
0:00:32,1779208592,2026-05-19T16:36:32,2026-05-19T10:36:32,1.986,1.986,0.449,1.986,1.986,0.449,212.70,098,34.15,798.86,9.80,0.9034,1960.8,3,37.290302,-107.882721,2019.3,12,0.061000,0.9,   996,,,,    26,,,,  -113,,,,0.0,100.0,0.0,0.0,0.0,0.0,11187.2,0.82,110049.0,8388607.0,119321.0,102.0,1,1.10,0.00,2.10,0.00,5.23,7.68,8.65,0.89,0.0009,0.0009,31.52,34.74,36.69,32.08,799.2,281,12.706,1.79439,1.583125,4.09,3.34,5.04,0,0,0.620000,0.020000,0.030000,0.040000,,,,32078.000000,16656.000000
0:00:33,1779208593,2026-05-19T16:36:33,2026-05-19T10:36:33,1.999,1.999,0.482,1.999,1.999,0.482,215.45,098,34.15,798.86,9.51,0.9034,1960.8,3,37.290302,-107.882721,2019.1,12,0.016000,0.9,   997,,,,    26,,,,  -112,,,,0.0,100.0,0.0,0.0,0.0,0.0,11182.6,0.85,109948.0,8388607.0,118955.0,105.0,1,1.11,-0.00,2.13,0.00,5.24,7.72,8.71,0.89,0.0010,0.0010,31.53,34.79,36.69,31.95,799.1,281,12.746,1.80622,1.587125,4.09,3.34,5.04,0,0,0.650000,0.020000,0.030000,0.060000,,,,32104.000000,16658.000000
0:00:34,1779208594,2026-05-19T16:36:34,2026-05-19T10:36:34,1.997,1.997,0.516,1.997,1.997,0.516,215.00,098,34.15,798.86,9.15,0.9035,1960.8,3,37.290302,-107.882721,2019.0,11,0.011000,1.0,   997,,,,    28,,,,  -111,,,,0.0,100.0,0.0,0.0,0.0,0.0,11146.0,0.77,109659.0,8388607.0,119005.0,95.0,1,1.11,-0.00,2.14,-0.00,5.21,7.72,8.71,0.89,0.0010,0.0010,31.53,34.80,36.73,31.87,799.1,281,12.746,1.80436,1.586500,4.09,3.34,5.04,0,0,0.620000,0.020000,0.030000,0.040000,281.000000,30.040001,18.362000,32113.000000,16657.000000
0:00:35,1779208595,2026-05-19T16:36:35,2026-05-19T10:36:35,1.998,1.998,0.549,1.998,1.998,0.549,213.95,098,34.15,798.86,9.17,0.9035,1960.8,3,37.290302,-107.882721,2018.7,12,0.011000,0.9,   997,,,,    27,,,,  -110,,,,0.0,100.0,0.0,0.0,0.0,0.0,11125.7,0.51,109532.0,8388607.0,119219.0,63.0,1,1.10,-0.00,2.12,-0.00,5.16,7.64,8.63,0.89,0.0011,0.0011,31.54,34.82,36.78,31.94,799.1,281,12.746,1.80510,1.586750,4.09,3.34,5.04,0,0,0.620000,0.020000,0.030000,0.040000,,,,32127.000000,16656.000000
0:00:36,1779208596,2026-05-19T16:36:36,2026-05-19T10:36:36,1.994,1.994,0.582,1.994,1.994,0.582,214.90,098,34.15,798.86,9.48,0.9034,1960.8,3,37.290302,-107.882721,2018.5,12,0.012000,0.9,   996,,,,    27,,,,  -111,,,,0.0,100.0,0.0,0.0,0.0,0.0,11151.9,0.49,109752.0,8388607.0,119265.0,60.0,1,1.10,0.00,2.09,0.00,5.24,7.67,8.63,0.88,0.0012,0.0012,31.54,34.84,36.78,32.05,799.1,281,12.746,1.80140,1.585500,4.09,3.34,5.04,0,0,0.620000,0.020000,0.020000,0.040000,,,,32146.000000,16631.000000
0:00:37,1779208597,2026-05-19T16:36:37,2026-05-19T10:36:37,1.995,1.995,0.615,1.995,1.995,0.615,211.25,098,34.15,798.86,9.88,0.9033,1960.8,3,37.290298,-107.882721,2018.3,11,0.047000,1.0,   997,,,,    27,,,,  -110,,,,0.0,100.0,0.0,0.0,0.0,0.0,11136.0,1.16,109616.0,8388607.0,119227.0,145.0,1,1.09,-0.00,2.07,-0.00,5.24,7.65,8.59,0.88,0.0012,0.0012,31.55,34.87,36.79,32.02,799.2,281,12.746,1.80251,1.585875,4.09,3.34,5.04,0,0,0.680000,0.020000,0.090000,0.040000,,,,32161.000000,16636.000000
0:00:38,1779208598,2026-05-19T16:36:38,2026-05-19T10:36:38,2.000,2.000,0.649,2.000,2.000,0.649,211.25,098,34.15,798.86,9.32,0.9035,1960.9,3,37.290302,-107.882721,2018.1,12,0.028000,0.9,   997,,,,    27,,,,  -111,,,,0.0,100.0,0.0,0.0,0.0,0.0,10976.3,0.63,107787.0,8388607.0,116184.0,78.0,1,1.09,-0.00,2.04,0.00,5.22,7.59,8.52,0.87,0.0013,0.0013,31.55,34.88,36.83,32.06,799.1,281,12.746,1.80659,1.587250,4.09,3.34,5.04,0,0,0.620000,0.020000,0.020000,0.040000,,,,32165.000000,16620.000000
0:00:39,1779208599,2026-05-19T16:36:39,2026-05-19T10:36:39,1.992,1.992,0.682,1.992,1.992,0.682,215.50,098,34.15,798.86,9.70,0.9034,1960.9,3,37.290302,-107.882721,2017.9,12,0.022000,0.9,   997,,,,    26,,,,  -111,,,,0.0,100.0,0.0,0.0,0.0,0.0,10902.4,0.76,107627.0,8388607.0,118703.0,94.0,1,1.07,0.00,2.00,-0.00,5.13,7.46,8.37,0.87,0.0014,0.0014,31.56,34.90,36.85,31.93,799.1,281,12.745,1.79955,1.584875,4.09,3.34,5.04,0,0,0.610000,0.020000,0.030000,0.030000,283.000000,29.995001,18.270000,32158.000000,16583.000000
0:00:40,1779208600,2026-05-19T16:36:40,2026-05-19T10:36:40,1.997,1.997,0.715,1.997,1.997,0.715,212.55,098,34.15,798.86,9.53,0.9034,1960.9,3,37.290298,-107.882721,2018.2,11,0.112000,1.0,   997,,,,    27,,,,  -111,,,,0.0,100.0,0.0,0.0,0.0,0.0,11255.9,0.49,111468.0,8388607.0,124248.0,60.0,1,1.04,0.00,1.95,-0.00,5.01,7.28,8.16,0.87,0.0014,0.0014,31.56,34.93,36.88,32.16,799.1,281,12.747,1.80399,1.586375,4.09,3.34,5.04,0,0,0.630000,0.020000,0.030000,0.040000,,,,32172.000000,16593.000000
0:00:41,1779208601,2026-05-19T16:36:41,2026-05-19T10:36:41,1.998,1.998,0.749,1.998,1.998,0.749,209.60,098,34.15,798.85,10.04,0.9033,1960.9,3,37.290298,-107.882729,2017.8,12,0.277000,0.9,   996,,,,    27,,,,  -110,,,,0.0,100.0,0.0,0.0,0.0,0.0,11248.3,0.88,110960.0,8388607.0,121694.0,109.0,1,1.04,-0.00,2.01,-0.00,4.90,7.25,8.18,0.89,0.0015,0.0015,31.57,34.95,36.90,31.93,799.1,281,12.746,1.80510,1.586750,4.09,3.34,5.04,0,0,0.620000,0.020000,0.020000,0.040000,,,,32194.000000,16592.000000
0:00:42,1779208602,2026-05-19T16:36:42,2026-05-19T10:36:42,1.995,1.995,0.782,1.995,1.995,0.782,213.10,098,34.15,798.85,10.03,0.9033,1960.9,3,37.290295,-107.882729,2017.8,12,0.012000,0.9,   997,,,,    27,,,,  -111,,,,0.0,100.0,0.0,0.0,0.0,0.0,11241.2,0.77,110569.0,8388607.0,119786.0,95.0,1,1.05,-0.00,2.02,-0.00,4.92,7.28,8.23,0.89,0.0016,0.0016,31.57,34.96,36.94,32.39,799.1,281,12.746,1.80177,1.585625,4.09,3.34,5.04,0,0,0.620000,0.020000,0.020000,0.040000,,,,32193.000000,16568.000000
0:00:43,1779208603,2026-05-19T16:36:43,2026-05-19T10:36:43,1.993,1.993,0.815,1.993,1.993,0.815,213.00,098,34.15,798.85,9.39,0.9034,1960.9,3,37.290298,-107.882729,2017.7,12,0.055000,0.9,   996,,,,    26,,,,  -111,,,,0.0,100.0,0.0,0.0,0.0,0.0,11217.7,0.91,110302.0,8388607.0,119351.0,114.0,1,1.06,-0.00,2.05,0.00,4.94,7.35,8.31,0.90,0.0016,0.0016,31.58,34.98,36.90,32.19,799.1,281,12.747,1.80066,1.585250,4.09,3.34,5.04,0,0,0.620000,0.020000,0.030000,0.040000,284.000000,29.976000,18.099001,32188.000000,16538.000000
0:00:44,1779208604,2026-05-19T16:36:44,2026-05-19T10:36:44,1.994,1.994,0.848,1.994,1.994,0.848,214.15,098,34.15,798.85,9.57,0.9034,1960.9,3,37.290298,-107.882721,2017.8,12,0.042000,0.9,   996,,,,    27,,,,  -110,,,,0.0,100.0,0.0,0.0,0.0,0.0,11230.5,0.43,110409.0,8388607.0,119367.0,52.0,1,1.07,0.00,2.05,-0.00,5.05,7.45,8.41,0.89,0.0017,0.0017,31.58,35.00,36.94,31.94,799.2,281,12.746,1.80140,1.585500,4.09,3.34,5.04,0,0,0.630000,0.020000,0.030000,0.040000,,,,32204.000000,16543.000000
0:00:45,1779208605,2026-05-19T16:36:45,2026-05-19T10:36:45,1.996,1.996,0.882,1.996,1.996,0.882,213.05,098,34.15,798.85,9.66,0.9034,1960.9,3,37.290298,-107.882721,2018.1,12,0.077000,0.9,   996,,,,    27,,,,  -111,,,,0.0,100.0,0.0,0.0,0.0,0.0,11233.6,1.19,110437.0,8388607.0,119385.0,149.0,1,1.07,-0.00,2.05,0.00,5.04,7.44,8.39,0.89,0.0018,0.0018,31.59,35.01,36.96,32.18,799.2,281,12.747,1.80288,1.586000,4.09,3.34,5.04,0,0,0.620000,0.020000,0.030000,0.040000,,,,32210.000000,16527.000000
0:00:46,1779208606,2026-05-19T16:36:46,2026-05-19T10:36:46,1.999,1.999,0.915,1.999,1.999,0.915,212.30,098,34.38,798.85,9.69,0.9034,1960.9,3,37.290298,-107.882721,2018.0,12,0.047000,0.9,,-0.1,   996,   997,,0.4,    25,    28,,4.0,  -114,  -102,0.0,100.0,0.0,0.0,0.0,0.0,11227.2,0.91,110397.0,8388607.0,119456.0,114.0,1,1.06,-0.00,2.03,-0.00,4.98,7.35,8.30,0.89,0.0018,0.0018,31.59,35.03,36.97,32.12,799.1,281,12.747,1.80548,1.586875,4.09,3.34,5.04,0,0,0.620000,0.020000,0.020000,0.040000,,,,32217.000000,16514.000000
0:00:47,1779208607,2026-05-19T16:36:47,2026-05-19T10:36:47,1.998,1.998,0.948,1.998,1.998,0.948,213.30,098,34.38,798.85,9.74,0.9027,1961.0,3,37.290298,-107.882721,2017.9,12,0.057000,0.9,   996,,,,    27,,,,  -111,,,,0.0,100.0,0.0,0.0,0.0,0.0,11222.7,0.78,110329.0,8388607.0,119275.0,97.0,1,1.07,0.00,2.09,-0.00,4.97,7.42,8.41,0.90,0.0019,0.0019,31.60,35.06,36.99,32.14,799.1,281,12.746,1.80325,1.586125,4.09,3.34,5.04,0,0,0.710000,0.020000,0.030000,0.060000,,,,32192.000000,16506.000000
0:00:48,1779208608,2026-05-19T16:36:48,2026-05-19T10:36:48,1.998,1.998,0.981,1.998,1.998,0.981,211.75,098,34.38,798.85,9.84,0.9027,1961.0,3,37.290298,-107.882721,2018.2,12,0.040000,0.9,   996,,,,    26,,,,  -110,,,,0.0,100.0,0.0,0.0,0.0,0.0,11225.8,0.85,110353.0,8388607.0,119264.0,105.0,1,1.09,-0.00,2.11,0.00,5.04,7.52,8.52,0.90,0.0020,0.0020,31.60,35.07,37.06,32.26,799.1,281,12.746,1.80325,1.586125,4.09,3.34,5.04,0,0,0.620000,0.010000,0.020000,0.040000,287.000000,29.952000,18.031000,32197.000000,16496.000000
0:00:49,1779208609,2026-05-19T16:36:49,2026-05-19T10:36:49,1.997,1.997,1.015,1.997,1.997,1.015,210.60,098,34.38,798.85,9.81,0.9027,1961.0,3,37.290298,-107.882721,2018.2,11,0.009000,1.0,   997,,,,    27,,,,  -111,,,,0.0,100.0,0.0,0.0,0.0,0.0,11194.4,0.87,109984.0,8388607.0,118614.0,108.0,1,1.09,-0.00,2.13,-0.00,5.04,7.55,8.56,0.90,0.0021,0.0021,31.61,35.09,37.03,32.07,799.1,281,12.747,1.80251,1.585875,4.09,3.34,5.04,0,0,0.620000,0.020000,0.020000,0.040000,,,,32205.000000,16488.000000
0:00:50,1779208610,2026-05-19T16:36:50,2026-05-19T10:36:50,1.995,1.995,1.048,1.995,1.995,1.048,210.35,098,34.38,798.85,9.77,0.9027,1961.0,3,37.290298,-107.882721,2018.1,12,0.044000,0.9,   996,,,,    26,,,,  -111,,,,0.0,100.0,0.0,0.0,0.0,0.0,11234.9,0.53,110497.0,8388607.0,119670.0,65.0,1,1.09,-0.00,2.13,-0.00,5.06,7.56,8.57,0.90,0.0021,0.0021,31.61,35.10,37.03,32.13,799.1,281,12.747,1.80066,1.585250,4.09,3.34,5.04,0,0,0.620000,0.020000,0.020000,0.040000,,,,32194.000000,16480.000000
0:00:51,1779208611,2026-05-19T16:36:51,2026-05-19T10:36:51,1.998,1.998,1.081,1.998,1.998,1.081,209.80,098,34.38,798.84,9.69,0.9027,1961.0,3,37.290298,-107.882721,2018.1,12,0.019000,0.9,   997,,,,    26,,,,  -110,,,,0.0,100.0,0.0,0.0,0.0,0.0,11221.5,0.68,110328.0,8388607.0,119325.0,83.0,1,1.08,0.00,2.11,-0.00,5.01,7.48,8.48,0.90,0.0022,0.0022,31.62,35.13,37.04,32.09,799.1,281,12.747,1.80399,1.586375,4.09,3.34,5.04,0,0,0.620000,0.020000,0.030000,0.040000,,,,32216.000000,16471.000000
0:00:52,1779208612,2026-05-19T16:36:52,2026-05-19T10:36:52,1.994,1.994,1.115,1.994,1.994,1.115,212.20,098,34.38,798.84,9.78,0.9027,1961.0,3,37.290298,-107.882721,2018.3,11,0.072000,1.0,   997,,,,    28,,,,  -111,,,,0.0,100.0,0.0,0.0,0.0,0.0,11180.0,0.58,109763.0,8388607.0,118021.0,71.0,1,1.06,-0.00,2.07,-0.00,4.92,7.35,8.33,0.90,0.0023,0.0023,31.62,35.15,37.09,32.12,799.1,281,12.747,1.79955,1.584875,4.09,3.34,5.04,0,0,0.620000,0.020000,0.020000,0.040000,,,,32236.000000,16444.000000
0:00:53,1779208613,2026-05-19T16:36:53,2026-05-19T10:36:53,2.000,2.000,1.148,2.000,2.000,1.148,211.40,098,34.38,798.84,9.69,0.9027,1961.0,3,37.290298,-107.882721,2018.7,12,0.119000,0.9,   997,,,,    26,,,,  -111,,,,0.0,100.0,0.0,0.0,0.0,0.0,11165.8,0.64,109654.0,8388607.0,118059.0,80.0,1,1.05,0.00,2.03,-0.00,4.88,7.26,8.22,0.90,0.0023,0.0023,31.62,35.16,37.07,32.12,799.1,281,12.747,1.80510,1.586750,4.09,3.34,5.04,0,0,0.620000,0.010000,0.030000,0.040000,291.000000,29.933001,18.037001,32225.000000,16450.000000
0:00:54,1779208614,2026-05-19T16:36:54,2026-05-19T10:36:54,1.995,1.995,1.181,1.995,1.995,1.181,213.45,098,34.38,798.84,9.48,0.9027,1961.0,3,37.290298,-107.882721,2018.5,12,0.059000,0.9,   996,,,,    27,,,,  -110,,,,0.0,100.0,0.0,0.0,0.0,0.0,11192.6,0.64,109941.0,8388607.0,118451.0,79.0,1,1.03,0.00,1.99,0.00,4.83,7.17,8.10,0.89,0.0024,0.0024,31.63,35.18,37.12,32.17,799.1,281,12.747,1.80066,1.585250,4.09,3.34,5.04,0,0,0.620000,0.020000,0.020000,0.040000,,,,32231.000000,16445.000000
0:00:55,1779208615,2026-05-19T16:36:55,2026-05-19T10:36:55,1.993,1.993,1.214,1.993,1.993,1.214,211.75,098,34.38,798.84,9.35,0.9028,1961.0,3,37.290298,-107.882721,2018.8,11,0.132000,1.0,   997,,,,    27,,,,  -110,,,,0.0,100.0,0.0,0.0,0.0,0.0,11178.1,0.86,109802.0,8388607.0,118329.0,106.0,1,1.03,-0.00,2.00,-0.00,4.76,7.10,8.05,0.90,0.0025,0.0025,31.63,35.20,37.10,32.16,799.1,281,12.747,1.79918,1.584750,4.09,3.34,5.04,0,0,0.620000,0.020000,0.030000,0.040000,,,,32240.000000,16437.000000
0:00:56,1779208616,2026-05-19T16:36:56,2026-05-19T10:36:56,1.996,1.996,1.248,1.996,1.996,1.248,212.55,098,34.38,798.84,9.50,0.9027,1961.0,3,37.290298,-107.882721,2018.6,12,0.006000,0.9,   997,,,,    27,,,,  -110,,,,0.0,100.0,0.0,0.0,0.0,0.0,11131.7,0.89,109316.0,8388607.0,117709.0,111.0,1,1.02,-0.00,1.97,-0.00,4.80,7.11,8.03,0.89,0.0025,0.0025,31.64,35.22,37.13,32.17,799.1,281,12.748,1.80214,1.585750,4.09,3.34,5.04,0,0,0.620000,0.020000,0.030000,0.040000,,,,32237.000000,16432.000000
0:00:57,1779208617,2026-05-19T16:36:57,2026-05-19T10:36:57,1.990,1.990,1.281,1.990,1.990,1.281,213.15,098,34.38,798.84,9.11,0.9028,1961.0,3,37.290298,-107.882721,2018.6,12,0.086000,0.9,   997,,,,    27,,,,  -111,,,,0.0,100.0,0.0,0.0,0.0,0.0,11165.9,0.82,109707.0,8388607.0,118356.0,102.0,1,1.01,-0.00,1.95,0.00,4.74,7.02,7.94,0.89,0.0026,0.0026,31.64,35.23,37.16,32.08,799.1,281,12.748,1.79697,1.584000,4.09,3.34,5.04,0,0,0.610000,0.020000,0.030000,0.030000,,,,32261.000000,16411.000000
0:00:58,1779208618,2026-05-19T16:36:58,2026-05-19T10:36:58,1.995,1.995,1.314,1.995,1.995,1.314,207.80,098,34.38,798.84,10.31,0.9025,1961.0,3,37.290302,-107.882721,2018.8,12,0.062000,0.9,   997,,,,    27,,,,  -111,,,,0.0,100.0,0.0,0.0,0.0,0.0,11165.2,0.63,109710.0,8388607.0,118406.0,78.0,1,0.99,-0.00,1.91,-0.00,4.65,6.88,7.78,0.89,0.0027,0.0027,31.65,35.25,37.19,32.15,799.1,281,12.748,1.80029,1.585125,4.09,3.34,5.04,0,0,0.620000,0.020000,0.030000,0.040000,292.000000,29.900999,18.023001,32239.000000,16405.000000
0:00:59,1779208619,2026-05-19T16:36:59,2026-05-19T10:36:59,1.990,1.990,1.347,1.990,1.990,1.347,213.60,098,34.38,798.84,9.63,0.9027,1961.0,3,37.290302,-107.882721,2018.9,12,0.080000,0.9,   997,,,,    26,,,,  -111,,,,0.0,100.0,0.0,0.0,0.0,0.0,11179.8,0.43,109833.0,8388607.0,118428.0,53.0,1,0.97,0.00,1.88,-0.00,4.53,6.73,7.62,0.89,0.0027,0.0027,31.65,35.27,37.21,32.14,799.1,281,12.747,1.79660,1.583875,4.09,3.34,5.04,0,0,0.630000,0.020000,0.030000,0.040000,,,,32259.000000,16402.000000
0:01:00,1779208620,2026-05-19T16:37:00,2026-05-19T10:37:00,1.992,1.992,1.380,1.992,1.992,1.380,213.00,098,34.38,798.84,9.53,0.9027,1961.0,3,37.290302,-107.882721,2018.9,12,0.051000,0.9,   997,,,,    28,,,,  -111,,,,0.0,100.0,0.0,0.0,0.0,0.0,11188.5,0.62,109907.0,8388607.0,118447.0,77.0,1,0.95,-0.00,1.84,0.00,4.45,6.60,7.46,0.90,0.0028,0.0028,31.66,35.30,37.23,32.35,799.1,281,12.748,1.79808,1.584375,4.09,3.34,5.04,0,0,0.620000,0.020000,0.030000,0.040000,,,,32261.000000,16385.000000
0:01:01,1779208621,2026-05-19T16:37:01,2026-05-19T10:37:01,1.989,1.989,1.414,1.989,1.989,1.414,212.25,098,34.38,798.84,9.46,0.9027,1961.0,3,37.290302,-107.882721,2019.0,11,0.009000,1.0,   997,,,,    27,,,,  -111,,,,0.0,100.0,0.0,0.0,0.0,0.0,11178.6,0.73,109824.0,8388607.0,118432.0,90.0,1,0.95,-0.00,1.85,0.00,4.38,6.56,7.44,0.90,0.0028,0.0028,31.66,35.32,37.24,32.27,799.1,280,12.747,1.79549,1.583500,4.09,3.34,5.04,0,0,0.620000,0.020000,0.030000,0.040000,,,,32247.000000,16396.000000
0:01:02,1779208622,2026-05-19T16:37:02,2026-05-19T10:37:02,1.994,1.994,1.447,1.994,1.994,1.447,214.40,098,34.38,798.84,9.46,0.9027,1961.0,3,37.290302,-107.882721,2019.2,12,0.087000,0.9,   997,,,,    26,,,,  -111,,,,0.0,100.0,0.0,0.0,0.0,0.0,11179.0,0.63,109839.0,8388607.0,118503.0,78.0,1,0.94,-0.00,1.84,0.00,4.37,6.53,7.40,0.91,0.0029,0.0029,31.67,35.33,37.22,32.35,799.1,280,12.768,1.79992,1.585000,4.08,3.34,5.04,0,0,0.630000,0.020000,0.020000,0.040000,,,,32226.000000,16379.000000
0:01:03,1779208623,2026-05-19T16:37:03,2026-05-19T10:37:03,1.999,1.999,1.480,1.999,1.999,1.480,212.70,098,34.38,798.84,9.24,0.9028,1961.0,3,37.290302,-107.882721,2019.3,12,0.060000,0.9,   997,,,,    27,,,,  -110,,,,0.0,100.0,0.0,0.0,0.0,0.0,11171.8,0.39,109784.0,8388607.0,118520.0,48.0,1,0.94,0.00,1.82,-0.00,4.41,6.54,7.40,0.90,0.0030,0.0030,31.67,35.36,37.26,32.10,799.2,280,12.768,1.80510,1.586750,4.09,3.34,5.04,0,0,0.620000,0.010000,0.020000,0.040000,294.000000,29.893000,18.011000,32275.000000,16370.000000
0:01:04,1779208624,2026-05-19T16:37:04,2026-05-19T10:37:04,1.996,1.996,1.513,1.996,1.996,1.513,212.45,098,34.38,798.84,9.34,0.9028,1961.1,3,37.290298,-107.882721,2019.5,12,0.040000,0.9,   997,,,,    27,,,,  -112,,,,0.0,100.0,0.0,0.0,0.0,0.0,11183.8,0.37,109860.0,8388607.0,118399.0,46.0,1,0.93,-0.00,1.80,0.00,4.36,6.47,7.31,0.90,0.0030,0.0030,31.68,35.39,37.31,32.24,799.1,280,12.768,1.80177,1.585625,4.09,3.34,5.04,0,0,0.620000,0.020000,0.020000,0.050000,,,,32275.000000,16366.000000
0:01:05,1779208625,2026-05-19T16:37:05,2026-05-19T10:37:05,1.997,1.997,1.547,1.997,1.997,1.547,212.75,098,34.38,798.84,10.24,0.9025,1961.1,3,37.290298,-107.882713,2019.9,12,0.067000,0.9,   997,,,,    26,,,,  -111,,,,0.0,100.0,0.0,0.0,0.0,0.0,11180.4,0.64,109916.0,8388607.0,118876.0,79.0,1,0.91,-0.00,1.77,-0.00,4.27,6.34,7.17,0.90,0.0031,0.0031,31.68,35.40,37.28,32.10,799.1,280,12.768,1.80251,1.585875,4.09,3.34,5.04,0,0,0.620000,0.020000,0.030000,0.040000,,,,32257.000000,16351.000000
0:01:06,1779208626,2026-05-19T16:37:06,2026-05-19T10:37:06,1.998,1.998,1.580,1.998,1.998,1.580,210.90,098,34.38,798.84,9.95,0.9026,1961.1,3,37.290298,-107.882713,2020.0,12,0.109000,0.9,   997,,,,    27,,,,  -111,,,,0.0,100.0,0.0,0.0,0.0,0.0,11323.9,0.73,111468.0,8388607.0,121088.0,91.0,1,0.90,-0.00,1.74,0.00,4.17,6.21,7.03,0.90,0.0031,0.0031,31.69,35.43,37.32,32.34,799.1,280,12.768,1.80362,1.586250,4.08,3.34,5.04,0,0,0.620000,0.020000,0.020000,0.040000,,,,32256.000000,16339.000000
0:01:07,1779208627,2026-05-19T16:37:07,2026-05-19T10:37:07,1.998,1.998,1.613,1.998,1.998,1.613,214.10,098,34.38,798.84,10.28,0.9025,1961.1,3,37.290298,-107.882713,2020.0,11,0.054000,1.0,   996,,,,    26,,,,  -111,,,,0.0,100.0,0.0,0.0,0.0,0.0,11277.7,0.53,111143.0,8388607.0,121376.0,65.0,1,0.88,-0.00,1.70,0.00,4.09,6.09,6.89,0.90,0.0032,0.0032,31.69,35.44,37.38,32.21,799.1,280,12.768,1.80288,1.586000,4.08,3.34,5.04,0,0,0.630000,0.010000,0.040000,0.040000,297.000000,29.861000,18.031000,32261.000000,16333.000000
0:01:08,1779208628,2026-05-19T16:37:08,2026-05-19T10:37:08,1.999,1.999,1.647,1.999,1.999,1.647,212.60,098,34.38,798.84,10.29,0.9025,1961.1,3,37.290298,-107.882713,2020.0,12,0.048000,0.9,   997,,,,    27,,,,  -111,,,,0.0,100.0,0.0,0.0,0.0,0.0,11306.0,0.81,111432.0,8388607.0,121713.0,100.0,1,0.86,0.00,1.66,-0.00,3.99,5.93,6.72,0.90,0.0033,0.0033,31.70,35.45,37.33,32.29,799.0,280,12.769,1.80436,1.586500,4.09,3.34,5.04,0,0,0.630000,0.020000,0.030000,0.050000,,,,32269.000000,16331.000000
0:01:09,1779208629,2026-05-19T16:37:09,2026-05-19T10:37:09,1.998,1.998,1.680,1.998,1.998,1.680,215.45,098,34.38,798.84,10.13,0.9026,1961.1,3,37.290298,-107.882713,2019.9,12,0.071000,0.9,   997,,,,    26,,,,  -112,,,,0.0,100.0,0.0,0.0,0.0,0.0,11313.5,0.77,111448.0,8388607.0,121453.0,95.0,1,0.84,0.00,1.61,0.00,3.91,5.80,6.55,0.89,0.0033,0.0033,31.70,35.46,37.37,32.36,799.1,280,12.768,1.80325,1.586125,4.09,3.34,5.04,0,0,0.630000,0.020000,0.040000,0.040000,,,,32265.000000,16322.000000
0:01:10,1779208630,2026-05-19T16:37:10,2026-05-19T10:37:10,1.998,1.998,1.713,1.998,1.998,1.713,211.55,098,34.38,798.83,9.93,0.9026,1961.1,3,37.290302,-107.882721,2019.7,11,0.044000,1.0,   997,,,,    27,,,,  -110,,,,0.0,100.0,0.0,0.0,0.0,0.0,11310.7,0.77,111423.0,8388607.0,121443.0,95.0,1,0.81,0.00,1.56,-0.00,3.79,5.62,6.35,0.89,0.0034,0.0034,31.71,35.49,37.35,32.55,799.1,280,12.769,1.80362,1.586250,4.09,3.34,5.04,0,0,0.620000,0.020000,0.030000,0.040000,,,,32265.000000,16316.000000
0:01:11,1779208631,2026-05-19T16:37:11,2026-05-19T10:37:11,1.993,1.993,1.746,1.993,1.993,1.746,212.95,098,34.38,798.83,9.97,0.9026,1961.1,3,37.290302,-107.882713,2019.7,12,0.042000,0.9,   996,,,,    26,,,,  -112,,,,0.0,100.0,0.0,0.0,0.0,0.0,11306.8,0.36,111396.0,8388607.0,121467.0,45.0,1,0.79,-0.00,1.54,-0.00,3.70,5.50,6.22,0.90,0.0034,0.0034,31.72,35.50,37.40,32.32,799.1,280,12.768,1.79918,1.584750,4.09,3.34,5.04,0,0,0.620000,0.020000,0.030000,0.040000,,,,32280.000000,16317.000000
0:01:12,1779208632,2026-05-19T16:37:12,2026-05-19T10:37:12,1.998,1.998,1.780,1.998,1.998,1.780,211.20,098,34.38,798.83,9.62,0.9027,1961.1,3,37.290302,-107.882713,2019.6,12,0.113000,0.9,   997,,,,    27,,,,  -111,,,,0.0,100.0,0.0,0.0,0.0,0.0,11345.6,0.60,111841.0,8388607.0,122212.0,74.0,1,0.78,0.00,1.51,-0.00,3.68,5.45,6.15,0.89,0.0035,0.0035,31.72,35.53,37.39,32.34,799.1,280,12.768,1.80362,1.586250,4.09,3.34,5.04,0,0,0.630000,0.020000,0.030000,0.040000,298.000000,29.865999,18.118000,32272.000000,16315.000000
0:01:13,1779208633,2026-05-19T16:37:13,2026-05-19T10:37:13,1.998,1.998,1.813,1.998,1.998,1.813,213.25,098,34.38,798.83,9.43,0.9027,1961.1,3,37.290302,-107.882713,2019.7,11,0.075000,1.0,   997,,,,    27,,,,  -111,,,,0.0,100.0,0.0,0.0,0.0,0.0,11292.3,0.25,111279.0,8388607.0,121473.0,31.0,1,0.81,-0.00,1.55,0.00,3.78,5.59,6.31,0.89,0.0035,0.0035,31.73,35.55,37.42,32.50,799.1,280,12.769,1.80325,1.586125,4.09,3.34,5.04,0,0,0.630000,0.020000,0.030000,0.040000,,,,32283.000000,16308.000000
0:01:14,1779208634,2026-05-19T16:37:14,2026-05-19T10:37:14,2.002,2.002,1.846,2.002,2.002,1.846,207.00,098,34.38,798.83,9.44,0.9027,1961.1,3,37.290302,-107.882713,2019.8,12,0.071000,0.9,   997,,,,    26,,,,  -111,,,,0.0,100.0,0.0,0.0,0.0,0.0,11308.8,1.06,111452.0,8388607.0,121696.0,132.0,1,0.83,-0.00,1.59,-0.00,3.87,5.73,6.47,0.89,0.0036,0.0036,31.73,35.55,37.47,32.57,799.1,280,12.769,1.80733,1.587500,4.09,3.34,5.04,0,0,0.620000,0.020000,0.030000,0.040000,,,,32268.000000,16300.000000
0:01:15,1779208635,2026-05-19T16:37:15,2026-05-19T10:37:15,1.998,1.998,1.880,1.998,1.998,1.880,210.85,098,34.38,798.83,9.41,0.9027,1961.1,3,37.290298,-107.882713,2020.0,12,0.044000,0.9,   997,,,,    27,,,,  -111,,,,0.0,100.0,0.0,0.0,0.0,0.0,11292.2,0.82,111283.0,8388607.0,121499.0,102.0,1,0.85,0.00,1.62,0.00,3.99,5.88,6.64,0.89,0.0036,0.0036,31.74,35.58,37.45,32.43,799.1,280,12.769,1.80362,1.586250,4.09,3.34,5.04,0,0,0.620000,0.020000,0.030000,0.040000,,,,32295.000000,16287.000000
0:01:16,1779208636,2026-05-19T16:37:16,2026-05-19T10:37:16,1.993,1.993,1.913,1.993,1.993,1.913,212.80,098,34.56,798.83,9.32,0.9028,1961.1,3,37.290298,-107.882713,2020.2,11,0.065000,1.0,,-0.2,   996,   997,,0.3,    26,    28,,0.3,  -112,  -110,0.0,100.0,0.0,0.0,0.0,0.0,11297.8,0.99,111326.0,8388607.0,121485.0,123.0,1,0.86,0.00,1.65,-0.00,4.04,5.97,6.74,0.89,0.0037,0.0037,31.74,35.61,37.48,32.21,799.1,280,12.768,1.79955,1.584875,4.09,3.34,5.04,0,0,0.620000,0.010000,0.030000,0.040000,,,,32328.000000,16294.000000
0:01:17,1779208637,2026-05-19T16:37:17,2026-05-19T10:37:17,1.995,1.995,1.946,1.995,1.995,1.946,212.25,098,34.56,798.83,9.32,0.9022,1961.1,3,37.290298,-107.882713,2020.4,12,0.046000,0.9,   997,,,,    26,,,,  -111,,,,0.0,100.0,0.0,0.0,0.0,0.0,11293.8,0.43,111279.0,8388607.0,121404.0,52.0,1,0.88,-0.00,1.70,-0.00,4.12,6.11,6.91,0.89,0.0037,0.0037,31.75,35.63,37.46,32.47,799.1,280,12.770,1.79955,1.584875,4.09,3.34,5.04,0,0,0.720000,0.020000,0.030000,0.060000,299.000000,29.864000,18.121000,32312.000000,16289.000000
0:01:18,1779208638,2026-05-19T16:37:18,2026-05-19T10:37:18,1.995,1.995,1.979,1.995,1.995,1.979,213.60,098,34.56,798.83,9.29,0.9022,1961.1,3,37.290298,-107.882713,2020.3,12,0.084000,0.9,   996,,,,    27,,,,  -109,,,,0.0,100.0,0.0,0.0,0.0,0.0,11287.3,0.64,111218.0,8388607.0,121356.0,80.0,1,0.90,-0.00,1.74,0.00,4.22,6.25,7.06,0.90,0.0038,0.0038,31.76,35.64,37.53,32.36,799.1,280,12.768,1.79992,1.585000,4.09,3.34,5.04,0,0,0.640000,0.020000,0.030000,0.040000,,,,32314.000000,16290.000000
0:01:19,1779208639,2026-05-19T16:37:19,2026-05-19T10:37:19,1.998,1.998,2.013,1.998,1.998,2.013,211.85,098,34.56,798.83,9.29,0.9022,1961.1,3,37.290298,-107.882713,2020.3,12,0.099000,0.9,   996,,,,    26,,,,  -111,,,,0.0,100.0,0.0,0.0,0.0,0.0,11287.3,0.53,111214.0,8388607.0,121335.0,65.0,1,0.91,0.00,1.76,0.00,4.28,6.34,7.17,0.90,0.0039,0.0039,31.76,35.66,37.51,32.29,799.1,280,12.769,1.80214,1.585750,4.09,3.34,5.04,0,0,0.620000,0.020000,0.040000,0.030000,,,,32315.000000,16273.000000
0:01:20,1779208640,2026-05-19T16:37:20,2026-05-19T10:37:20,1.993,1.993,2.046,1.993,1.993,2.046,211.95,098,34.56,798.83,9.20,0.9022,1961.1,3,37.290298,-107.882713,2020.4,12,0.087000,0.9,   996,,,,    26,,,,  -113,,,,0.0,100.0,0.0,0.0,0.0,0.0,11281.4,0.43,111176.0,8388607.0,121393.0,52.0,1,0.92,0.00,1.77,0.00,4.32,6.40,7.23,0.90,0.0039,0.0039,31.77,35.68,37.54,32.36,799.1,280,12.769,1.79771,1.584250,4.09,3.34,5.04,0,0,0.620000,0.020000,0.030000,0.040000,,,,32326.000000,16257.000000
0:01:21,1779208641,2026-05-19T16:37:21,2026-05-19T10:37:21,1.996,1.996,2.079,1.996,1.996,2.079,212.20,098,34.56,798.83,9.13,0.9022,1961.1,3,37.290298,-107.882713,2020.4,12,0.050000,0.9,   997,,,,    27,,,,  -110,,,,0.0,100.0,0.0,0.0,0.0,0.0,11294.4,0.43,111278.0,8388607.0,121372.0,53.0,1,0.92,-0.00,1.78,-0.00,4.33,6.42,7.25,0.90,0.0040,0.0040,31.77,35.68,37.58,32.44,799.1,280,12.768,1.80103,1.585375,4.09,3.34,5.04,0,0,0.620000,0.020000,0.030000,0.040000,,,,32285.000000,16264.000000
0:01:22,1779208642,2026-05-19T16:37:22,2026-05-19T10:37:22,1.999,1.999,2.112,1.999,1.999,2.112,212.05,098,34.56,798.83,9.06,0.9022,1961.1,3,37.290298,-107.882706,2020.5,11,0.094000,1.0,   996,,,,    27,,,,  -110,,,,0.0,100.0,0.0,0.0,0.0,0.0,11293.5,0.36,111267.0,8388607.0,121351.0,45.0,1,0.94,-0.00,1.81,0.00,4.42,6.54,7.38,0.90,0.0040,0.0040,31.78,35.72,37.58,32.41,799.1,280,12.769,1.80399,1.586375,4.08,3.34,5.04,0,0,0.620000,0.010000,0.030000,0.040000,301.000000,29.865999,18.058001,32334.000000,16253.000000
0:01:23,1779208643,2026-05-19T16:37:23,2026-05-19T10:37:23,1.996,1.996,2.146,1.996,1.996,2.146,209.75,098,34.56,798.83,9.02,0.9022,1961.1,3,37.290295,-107.882706,2020.8,12,0.109000,0.9,   997,,,,    27,,,,  -111,,,,0.0,100.0,0.0,0.0,0.0,0.0,11279.0,0.39,111159.0,8388607.0,121406.0,48.0,1,0.96,-0.00,1.85,-0.00,4.53,6.70,7.56,0.89,0.0041,0.0041,31.79,35.73,37.59,32.34,799.0,280,12.769,1.80066,1.585250,4.08,3.34,5.04,0,0,0.630000,0.020000,0.030000,0.040000,,,,32337.000000,16249.000000
0:01:24,1779208644,2026-05-19T16:37:24,2026-05-19T10:37:24,1.999,1.999,2.179,1.999,1.999,2.179,210.65,098,34.56,798.83,9.04,0.9022,1961.1,3,37.290295,-107.882706,2021.0,12,0.084000,0.9,   997,,,,    27,,,,  -111,,,,0.0,100.0,0.0,0.0,0.0,0.0,11287.4,0.53,111222.0,8388607.0,121373.0,66.0,1,0.98,-0.00,1.87,0.00,4.62,6.81,7.68,0.89,0.0042,0.0042,31.79,35.74,37.65,32.52,799.1,280,12.770,1.80362,1.586250,4.09,3.34,5.04,0,0,0.620000,0.020000,0.030000,0.040000,,,,32353.000000,16245.000000
0:01:25,1779208645,2026-05-19T16:37:25,2026-05-19T10:37:25,2.000,2.000,2.212,2.000,2.000,2.212,213.85,098,34.56,798.83,8.82,0.9023,1961.1,3,37.290295,-107.882706,2021.1,11,0.114000,1.0,   997,,,,    27,,,,  -111,,,,0.0,100.0,0.0,0.0,0.0,0.0,11267.5,0.79,111040.0,8388607.0,121261.0,98.0,1,0.99,0.00,1.90,-0.00,4.64,6.86,7.74,0.89,0.0042,0.0042,31.80,35.78,37.62,32.66,799.1,280,12.769,1.80436,1.586500,4.09,3.34,5.04,0,0,0.620000,0.020000,0.040000,0.030000,,,,32353.000000,16232.000000
0:01:26,1779208646,2026-05-19T16:37:26,2026-05-19T10:37:26,1.998,1.998,2.246,1.998,1.998,2.246,212.10,098,34.56,798.83,9.07,0.9022,1961.1,3,37.290295,-107.882706,2021.0,12,0.048000,0.9,   996,,,,    26,,,,  -111,,,,0.0,100.0,0.0,0.0,0.0,0.0,11096.6,0.73,109680.0,8388607.0,121422.0,91.0,1,1.03,0.00,2.02,-0.00,4.70,7.08,8.05,0.91,0.0043,0.0043,31.81,35.79,37.62,32.59,799.1,280,12.768,1.80288,1.586000,4.09,3.34,5.04,0,0,0.620000,0.020000,0.030000,0.040000,,,,32353.000000,16236.000000
0:01:27,1779208647,2026-05-19T16:37:27,2026-05-19T10:37:27,1.991,1.991,2.279,1.991,1.991,2.279,214.80,097,34.56,798.83,9.50,0.9021,1961.1,3,37.290295,-107.882706,2021.0,12,0.075000,0.9,   996,,,,    27,,,,  -112,,,,0.0,100.0,0.0,0.0,0.0,0.0,10965.8,0.39,108814.0,8388607.0,122549.0,48.0,1,1.05,0.00,2.06,-0.00,4.80,7.23,8.22,0.91,0.0043,0.0043,31.81,35.79,37.62,32.66,799.1,280,12.769,1.79586,1.583625,4.08,3.34,5.04,0,0,0.620000,0.020000,0.030000,0.040000,301.000000,29.864000,17.941999,32354.000000,16213.000000
0:01:28,1779208648,2026-05-19T16:37:28,2026-05-19T10:37:28,1.995,1.995,2.312,1.995,1.995,2.312,209.75,098,34.56,798.83,9.07,0.9022,1961.1,3,37.290295,-107.882706,2021.0,12,0.084000,0.9,   997,,,,    26,,,,  -111,,,,0.0,100.0,0.0,0.0,0.0,0.0,10944.1,0.53,108557.0,8388607.0,122085.0,66.0,1,1.07,0.00,2.13,-0.00,4.86,7.38,8.41,0.92,0.0044,0.0044,31.82,35.82,37.65,32.49,799.1,280,12.770,1.79992,1.585000,4.09,3.34,5.04,0,0,0.630000,0.020000,0.030000,0.040000,,,,32356.000000,16198.000000
0:01:29,1779208649,2026-05-19T16:37:29,2026-05-19T10:37:29,1.999,1.999,2.345,1.999,1.999,2.345,211.20,098,34.56,798.83,9.06,0.9022,1961.1,3,37.290295,-107.882713,2020.9,12,0.056000,0.9,   997,,,,    26,,,,  -111,,,,0.0,100.0,0.0,0.0,0.0,0.0,10966.5,0.92,108727.0,8388607.0,122017.0,115.0,1,1.10,0.00,2.18,0.00,5.02,7.58,8.63,0.91,0.0045,0.0045,31.83,35.84,37.69,32.67,799.1,280,12.770,1.80399,1.586375,4.09,3.34,5.04,0,0,0.620000,0.020000,0.030000,0.040000,,,,32364.000000,16207.000000
0:01:30,1779208650,2026-05-19T16:37:30,2026-05-19T10:37:30,1.993,1.993,2.379,1.993,1.993,2.379,215.25,098,34.56,798.83,9.28,0.9022,1961.1,3,37.290295,-107.882713,2020.9,12,0.102000,0.9,   996,,,,    26,,,,  -111,,,,0.0,100.0,0.0,0.0,0.0,0.0,10931.9,0.86,108402.0,8388607.0,121766.0,106.0,1,1.12,-0.00,2.21,-0.00,5.11,7.71,8.77,0.91,0.0046,0.0046,31.83,35.86,37.71,32.16,799.1,280,12.770,1.79844,1.584500,4.09,3.34,5.04,0,0,0.620000,0.020000,0.030000,0.040000,,,,32370.000000,16196.000000
0:01:31,1779208651,2026-05-19T16:37:31,2026-05-19T10:37:31,2.001,2.001,2.412,2.001,2.001,2.412,211.50,097,34.56,798.83,10.25,0.9020,1961.1,3,37.290295,-107.882713,2021.1,11,0.113000,1.0,   997,,,,    24,,,,  -110,,,,0.0,100.0,0.0,0.0,0.0,0.0,10967.1,0.58,108782.0,8388607.0,122301.0,72.0,1,1.13,-0.00,2.22,0.00,5.22,7.83,8.89,0.91,0.0046,0.0046,31.84,35.87,37.72,32.48,799.1,280,12.770,1.80473,1.586625,4.08,3.34,5.04,0,0,0.620000,0.020000,0.030000,0.040000,,,,32341.000000,16177.000000
0:01:32,1779208652,2026-05-19T16:37:32,2026-05-19T10:37:32,1.995,1.995,2.445,1.995,1.995,2.445,217.35,097,34.56,798.83,10.77,0.9018,1961.1,3,37.290295,-107.882713,2021.1,12,0.148000,0.9,   997,,,,    26,,,,  -112,,,,0.0,100.0,0.0,0.0,0.0,0.0,25777.9,0.98,337100.0,8388607.0,740091.0,121.0,1,1.15,-0.00,2.24,-0.00,5.30,7.93,8.99,0.90,0.0047,0.0047,31.85,35.89,37.74,32.53,799.1,280,12.769,1.79881,1.584625,4.08,3.34,5.04,0,0,0.620000,0.020000,0.030000,0.040000,302.000000,29.864000,17.934999,32290.000000,16175.000000
0:01:33,1779208653,2026-05-19T16:37:33,2026-05-19T10:37:33,1.998,1.998,2.479,1.998,1.998,2.479,215.00,098,34.56,798.83,10.37,0.9019,1961.1,3,37.290295,-107.882706,2021.2,12,0.367000,0.9,   480,,,,  -304,,,,  -616,,,,0.0,0.0,0.0,0.0,100.0,0.0,8344.8,0.50,84273.0,8388607.0,103977.0,62.0,1,1.15,0.00,2.24,0.00,5.29,7.92,8.98,0.90,0.0048,0.0048,31.85,35.93,37.74,32.55,799.1,280,12.770,1.80177,1.585625,4.09,3.34,5.04,0,0,0.640000,0.020000,0.030000,0.040000,,,,32289.000000,16165.000000
0:01:34,1779208654,2026-05-19T16:37:34,2026-05-19T10:37:34,2.000,2.000,2.512,2.000,2.000,2.512,211.05,098,34.56,798.83,10.12,0.9020,1961.1,3,37.290295,-107.882706,2020.4,12,0.460000,0.9,   561,,,,  -325,,,,  -781,,,,0.0,0.0,0.0,0.0,100.0,0.0,9158.8,0.58,91309.0,8388607.0,106392.0,71.0,1,1.18,0.00,2.29,-0.00,5.45,8.14,9.22,0.90,0.0049,0.0049,31.86,35.95,37.76,32.38,799.0,280,12.770,1.80399,1.586375,4.09,3.34,5.04,0,0,0.620000,0.020000,0.040000,0.030000,,,,32293.000000,16158.000000
0:01:35,1779208655,2026-05-19T16:37:35,2026-05-19T10:37:35,1.998,1.998,2.545,1.998,1.998,2.545,211.10,098,34.56,798.83,10.14,0.9020,1961.1,3,37.290295,-107.882706,2020.3,12,0.089000,0.9,   570,,,,  -332,,,,  -760,,,,0.0,0.0,0.0,0.0,100.0,0.0,8835.2,0.68,88313.0,8388607.0,104293.0,84.0,1,1.21,0.00,2.34,-0.00,5.66,8.41,9.51,0.89,0.0049,0.0049,31.87,35.96,37.79,32.91,799.0,280,12.770,1.80214,1.585750,4.09,3.34,5.04,0,0,0.620000,0.020000,0.030000,0.040000,,,,32298.000000,16155.000000
