PARAMETER,VALUE,UNITS/NOTES

UPASserial,01066,(UPAS serial identification-numerical)
UPASpcbRev,1,(UPAS pcb revision number)
UPASexpRev,0BR2,(UPAS expansion pcb rev)
MotionID,0x6C,0x6B=LSM6DSRX 0x6C=LSM6DSOX)
PMserial,1515B4A279410B37_2.3_7_2.0,(SPS30 serial identification_FWver_HWrev_SHDLCver)
CO2serial,0x4173076fd23b,(SCD4x serial identification)
Gasserial,0x000004c8a91d,(SGP4x serial identification)
UPASfirmware,UPAS_v2_x-rev_00210-L476RG-RELEASE.bin compiled ( May  4 2026 )_( 10:25:16 )UTC,(installed firmware version)
LifetimeSampleCount,552,(count-total lifetime sample runs)
LifetimeSampleRuntime, 1099.37,(hrs-total lifetime cumulative sample runtime)
LifetimeBatteryRuntime, 1099.37,(hrs-total lifetime cumulative battery runtime starting 20250203)
LifetimeSamplePumptime,  838.65,(hrs-total lifetime cumulative filter pump runtime starting 20250203)
LifetimePMSensorFanStartCount,23923,(#-total lifetime pm sensor fan starts starting 20250203)
LifetimePMSensorFanHours,  699.37,(hrs-total lifetime pm sensor fan runtime starting 20250203)
LifetimePMSensorPMMC,   0.000035,(mg-total lifetime pm mass estimate through PM Sensor starting 20250203)
LifetimeCO2SensorHours,  941.16,(hrs-total lifetime co2 sensor runtime starting 20250203)
LifetimeVOCSensorHours,  892.68,(hrs-total lifetime voc sensor runtime starting 20250203)




SAMPLE IDENTIFICATION

LogFilename,/20260519/PSP01066_LOG_2026-05-19T17_22_10UTC_DIAGNOSTIC-----___________.txt,(log file filename-automatically defined)
SampleName,DIAGNOSTIC-----,(Sample Name-user entered into app)
CartridgeID,__________,(Cartridge Identification-user entered into app)




SETUP SUMMARY

GPSUTCOffset,-6.00,(hours offset from UTC date time)
StartOnNextPowerUp,0,(0=no 1=yes 2=system reset 4=always)
ProgrammedStartTime,0,(0 = Now or Start On Next or seconds since 1/1/1970)
ProgrammedRuntime,indefinite,(Hr)
SizeSelectiveInlet,PM2.5,(inlet particle size fraction)
FlowRateSetpoint,1.000,(L*min^-1)
FlowOffset,0.000000,(%)
FlowDutyCycle,100,(%)
DutyCycleWindow,30,(s)
GPSEnabled,1,(0=no 1=yes)
PMSensorInterval,1,(0=sensor disabled 1=continuous measurement 2-15=intermittent measurement interval in minutes 16=15s warmup-5s measurement-10s sleep 17=15s warmup-5s measurement-40s sleep 18=20s warmup-10s measurement-30s sleep 254=not installed)
RTGasSampleState,1,(0=off 1=on 254=not installed)
CO2SampleState,1,(0=off 1=on 254=not installed)
LogInterval,1,(s)
SamplerConfiguration,0,(0=personal/mobile 1=stationary)
ExternalPowerMode,F0,(0F=off F0=on)
PowerSaveMode,0,(0=off 1=on)
AppLock,0,(0=unlocked 1=locked -1=not set)
AppVersion,i1.1.2,(i=iOS A=Android)




SAMPLE SUMMARY

StartDateTimeUTC,2026-05-19T17:22:10,(YYYY-MM-DDTHH:MM:SS) (UTC date time format)
StartDateTimeLocal,2026-05-19T11:22:10,(YYYY-MM-DDTHH:MM:SS) (Local date time format)
EndDateTimeUTC,2026-05-19T17:24:54,(YYYY-MM-DDTHH:MM:SS) (UTC date time format)
EndDateTimeLocal,2026-05-19T11:24:54,(YYYY-MM-DDTHH:MM:SS) (Local date time format)
FlowCheckMeterReadingPreSample,NA,(L*min^-1)
FlowCheckMeterReadingPostSample,NA,(L*min^-1)
OverallDuration,   0.031,(Hr)
PumpingDuration,   0.031,(Hr)
OverallFlowAvgFactory,1.460,(L*min^-1)
PumpingFlowAvgFactory,1.460,(L*min^-1)
SampledVolumeFactory,      2.75,(L)
OverallFlowAvgOffset,1.460,(L*min^-1)
PumpingFlowAvgOffset,1.460,(L*min^-1)
SampledVolumeOffset,      2.75,(L)
StartBatteryCharge,100,(%)
EndBatteryCharge,097,(%)
StartBatteryVoltage,4.13,(V)
EndBatteryVoltage,4.08,(V)
ShutdownMode,01,(0=unknown error shutdown 1=user pushbutton sample stop 2=depleted battery shutdown [<2.8v] 3=successfully completed preset sample duration 4=thermal protection shutdown 5=max power at initialization error 6=max pump voltage during sample shutdown 7=blocked flow during sample shutdown 8=i2c bus error) If your device is having issues email contact@accsensors for support




CO2 SENSOR CALIBRATION

CO2CalDate,2026-05-04T19:36:22,(YYYY-MM-DDTHH:MM:SS) (UTC date time format)
CO2CalTarget,417,(ppm)
CO2CalOffset,13,(ppm)




MASS FLOW SENSOR CALIBRATION

MFSCalDate,2025-10-20T21:56:16,(YYYY-MM-DDTHH:MM:SS) (UTC date time format)
MFSCalPerson,,(name of person running and approving calibration)
MFSCalVoutBlocked,,(V)
MFSCalVoutMin,0.460000,(V)
MFSCalVoutMax,1.868875,(V)
MFSCalMFBlocked,,(g*min^-1)
MFSCalMFMin,0.004390,(g*min^-1)
MFSCalMFMax,2.888100,(g*min^-1)
MFSCalPumpVBoostMin,,(V)
MFSCalPumpVBoostMax,,(V)
MFSCalPDeadhead,,(Pa)
MF4,0.427606,(coefficient)
MF3,-0.885307,(coefficient)
MF2,0.486260,(coefficient)
MF1,1.276662,(coefficient)
MF0,-0.618741,(coefficient)




DIAGNOSTIC TEST

NO FLOW PRESSURES AND TEMPERATURES
(hPa),(hPa),(Pa),(C),(C),(C),(C),(C),(V),(integer),(integer),(V),(g*min^-1),(g*L^-1),(L*min^-1),(L*min^-1)
AtmoP,U29P,FilterDP,AtmoT,U12T,U29T,FdpT,AccelT,MFSVout,PumpPow1,PumpPow2,PumpV,MassFlowFactory,AtmoDensity,PumpingFlowFactory,PumpingFlowOffset
798.779541,798.954163,0.000000,22.44,22.42,22.11,23.36,22.38,0.000000,1023,1023,0.000000,0.000000,0.938813,0.000000,0.000000

MAXIMUM DEADHEAD PRESSURE - FULL POWER AND BLOCKED INLET
(hPa),(hPa),(Pa),(C),(C),(C),(C),(C),(V),(integer),(integer),(V),(g*min^-1),(g*L^-1),(L*min^-1),(L*min^-1)
AtmoP,U29P,FilterDP,AtmoT,U12T,U29T,FdpT,AccelT,MFSVout,PumpPow1,PumpPow2,PumpV,MassFlowFactory,AtmoDensity,PumpingFlowFactory,PumpingFlowOffset
798.780273,799.089539,688.349976,22.44,22.43,22.96,24.24,22.43,1.942125,14,0,27.865355,2.888100,0.938811,3.076336,3.076336

MAXIMUM FLOW - FULL POWER AND OPEN INLET
(hPa),(hPa),(Pa),(C),(C),(C),(C),(C),(V),(integer),(integer),(V),(g*min^-1),(g*L^-1),(L*min^-1),(L*min^-1)
AtmoP,U29P,FilterDP,AtmoT,U12T,U29T,FdpT,AccelT,MFSVout,PumpPow1,PumpPow2,PumpV,MassFlowFactory,AtmoDensity,PumpingFlowFactory,PumpingFlowOffset
798.781677,799.042969,689.700012,22.44,22.44,23.93,25.42,22.61,1.941000,14,0,27.870836,2.888100,0.938689,3.076736,3.076736

MINIMUM FLOW - MINIMUM (IDLE) POWER AND OPEN INLET
(hPa),(hPa),(Pa),(C),(C),(C),(C),(C),(V),(integer),(integer),(V),(g*min^-1),(g*L^-1),(L*min^-1),(L*min^-1)
AtmoP,U29P,FilterDP,AtmoT,U12T,U29T,FdpT,AccelT,MFSVout,PumpPow1,PumpPow2,PumpV,MassFlowFactory,AtmoDensity,PumpingFlowFactory,PumpingFlowOffset
798.783630,799.017090,43.900002,22.44,22.47,24.13,25.98,23.09,0.910750,1023,1023,7.084486,0.572722,0.938849,0.610026,0.610026




SAMPLE LOG

DateTime,DateTime,DateTime,DateTime,DateTime,FilterSample,FilterSample,FilterSample,FilterSample,FilterSample,FilterSample,FilterSample,Battery,Atmo,Atmo,Atmo,Atmo,Atmo,GPS,GPS,GPS,GPS,GPS,GPS,GPS,Motion,Motion,Motion,Motion,Motion,Motion,Motion,Motion,Motion,Motion,Motion,Motion,Motion,Motion,Motion,Motion,Motion,Motion,Motion,Motion,Motion,Motion,Motion,Motion,Motion,Motion,Motion,Motion,Motion,Motion,Light,Light,Light,Light,Light,Light,PMSensor,PMSensor,PMSensor,PMSensor,PMSensor,PMSensor,PMSensor,PMSensor,PMSensor,PMSensor,PMSensor,PMSensor,PMSensor,PMSensor,PMSensor,PMSensor,PMSensor,PMSensor,PMSensor,PMSensor,PMSensor,PMSensor,PMSensor,PMSensor,PMSensor,PMSensor,PMSensor,EngData,EngData,EngData,EngData,EngData,EngData,EngData,EngData,EngData,EngData,EngData,EngData,EngData,EngData,EngData,EngData,EngData,EngData,EngData,EngData,EngData,EngData,EngData,EngData,Gas,Gas,Gas,Gas,Gas
SampleTime,UnixTime,DateTimeUTC,DateTimeLocal,UnixTimeMCU,PumpingFlowFactory,OverallFlowFactory,SampledVolumeFactory,PumpingFlowOffset,OverallFlowOffset,SampledVolumeOffset,FilterDP,BatteryCharge,AtmoT,AtmoP,AtmoRH,AtmoDensity,AtmoAlt,GPSQual,GPSlat,GPSlon,GPSalt,GPSsat,GPSspeed,GPShDOP,AccelX,AccelXVar,AccelXMin,AccelXMax,AccelY,AccelYVar,AccelYMin,AccelYMax,AccelZ,AccelZVar,AccelZMin,AccelZMax,RotX,RotXVar,RotXMin,RotXMax,RotY,RotYVar,RotYMin,RotYMax,RotZ,RotZVar,RotZMin,RotZMax,Xup,XDown,Yup,Ydown,Zup,Zdown,LUX,UVindex,HighVisRaw,LowVisRaw,IRRaw,UVRaw,PMMeasCnt,PM1MC,PM1MCVar,PM2_5MC,PM2_5MCVar,PM4MC,PM4MCVar,PM10MC,PM10MCVar,PM0_5NC,PM1NC,PM2_5NC,PM4NC,PM10NC,PM0_5NCVar,PM1NCVar,PM2_5NCVar,PM4NCVar,PM10NCVar,PMtypicalParticleSize,PM2_5SampledMassFactory,PM2_5SampledMassOffset,PMtypicalParticleSizeVar,PMReadingErrorCnt,PMFanErrorCnt,PMLaserErrorCnt,PMFanSpeedWarn,U12T,U29T,FdpT,AccelT,U29P,PT100R,PumpPow1,PumpV,MassFlowFactory,MFSVout,PumpPow2,BFGenergy,BattVolt,v3_3,v5,Charging,ExtPow,FLOWCTL,GPSRT,SD_DATAW,SD_HEADW,PumpsON,TPumpsOFF,TPumpsON,CO2,SCDT,SCDRH,VOCRaw,NOXRaw
(HH:MM:SS),(s),(YYYY-MM-DDTHH:MM:SS) (UTC date time format),(YYYY-MM-DDTHH:MM:SS) (Local date time format),(s),(L*min^-1),(L*min^-1),(L),(L*min^-1),(L*min^-1),(L),(Pa),(%),(C),(hPa),(%RH),(g*L^-1),(m ASL),(-),(decimalDegree),(decimalDegree),(m),(integer),(m*s^-1),(-),(mg),(mg),(mg),(mg),(mg),(mg),(mg),(mg),(mg),(mg),(mg),(mg),(mdeg*s^-1),(mdeg*s^-1),(mdeg*s^-1),(mdeg*s^-1),(mdeg*s^-1),(mdeg*s^-1),(mdeg*s^-1),(mdeg*s^-1),(mdeg*s^-1),(mdeg*s^-1),(mdeg*s^-1),(mdeg*s^-1),(%),(%),(%),(%),(%),(%),(lux),(-),(-),(-),(-),(-),(#),(ug*m^-3),(ug*m^-3),(ug*m^-3),(ug*m^-3),(ug*m^-3),(ug*m^-3),(ug*m^-3),(ug*m^-3),(#*cm^-3),(#*cm^-3),(#*cm^-3),(#*cm^-3),(#*cm^-3),(#*cm^-3),(#*cm^-3),(#*cm^-3),(#*cm^-3),(#*cm^-3),(um),(ug),(ug),(um),(#),(#),(#),(#),(C),(C),(C),(C),(hPa),(ohm),(integer),(V),(g*min^-1),(V),(integer),(integer),(V),(V),(V),(bool),(bool),(s),(s),(s),(s),(bool),(s),(s),(ppm),(C),(%),(-),(-)
0:00:01,1779211381,2026-05-19T17:23:01,2026-05-19T11:23:01,1779211381,0.998,0.998,0.017,0.998,0.998,0.017,80.50,099,24.36,798.79,17.91,0.9329,1961.5,0,-9999.000000,-9999.000000,-9999.0,0,-9999.000000,-9999.0,   888,,,,     4,,,,  -469,,,,  1032,,,,    96,,,,   376,,,,0.0,100.0,0.0,0.0,0.0,0.0,9345.4,0.26,95033.0,8388607.0,119028.0,33.0,1,1.39,0.00,1.81,0.00,2.10,-0.00,2.24,0.00,8.76,10.66,11.04,11.11,11.11,-0.00,0.00,0.00,0.00,0.00,0.59,0.0000,0.0000,0.00,0,0,0,0,22.87,24.82,26.83,23.61,798.9,109.48,678,8.586,0.93081,1.174500,0,38964,4.10,3.34,5.05,0,0,0.000000,0.000000,0.000000,0.000000,,,,177.000000,20.520500,27.007500,31330.000000,16568.000000
0:00:02,1779211382,2026-05-19T17:23:02,2026-05-19T11:23:02,1779211382,0.999,0.999,0.033,0.999,0.999,0.033,80.40,099,24.36,798.79,17.91,0.9329,1961.5,0,-9999.000000,-9999.000000,-9999.0,0,-9999.000000,-9999.0,   889,,,,     7,,,,  -452,,,,  1015,,,,  -708,,,,   472,,,,0.0,100.0,0.0,0.0,0.0,0.0,9321.9,0.17,94884.0,8388607.0,119268.0,21.0,1,1.39,0.00,1.81,0.00,2.09,0.00,2.24,-0.00,8.74,10.64,11.02,11.09,11.09,0.00,0.00,-0.00,0.00,0.00,0.59,0.0000,0.0000,0.00,0,0,0,0,22.91,24.85,26.92,23.42,799.0,109.48,678,8.588,0.93158,1.175000,0,38964,4.10,3.34,5.05,0,0,0.640000,0.000000,0.030000,0.060000,,,,,,,31384.000000,17126.000000
0:00:03,1779211383,2026-05-19T17:23:03,2026-05-19T11:23:03,1779211383,0.995,0.995,0.050,0.995,0.995,0.050,80.25,099,24.36,798.79,17.88,0.9329,1961.5,0,-9999.000000,-9999.000000,-9999.0,0,-9999.000000,-9999.0,   888,,,,     8,,,,  -453,,,,   490,,,,  -402,,,,  1671,,,,0.0,100.0,0.0,0.0,0.0,0.0,9429.2,0.88,95773.0,8388607.0,119370.0,109.0,1,1.38,-0.00,1.79,0.00,2.07,0.00,2.21,0.00,8.75,10.62,10.99,11.06,11.06,-0.00,-0.00,0.00,-0.00,-0.00,0.58,0.0001,0.0001,0.00,0,0,0,0,22.95,24.87,26.90,23.32,799.0,109.48,678,8.587,0.92872,1.173125,0,38964,4.10,3.34,5.05,0,0,0.620000,0.000000,0.020000,0.040000,,,,,,,31445.000000,17088.000000
0:00:04,1779211384,2026-05-19T17:23:04,2026-05-19T11:23:04,1779211384,0.999,0.999,0.067,0.999,0.999,0.067,80.40,099,24.36,798.79,17.82,0.9329,1961.5,0,-9999.000000,-9999.000000,-9999.0,0,-9999.000000,-9999.0,   888,,,,     0,,,,  -460,,,,   603,,,,   787,,,,  -778,,,,0.0,100.0,0.0,0.0,0.0,0.0,9351.8,0.48,94887.0,8388607.0,117897.0,59.0,1,1.39,0.00,1.79,0.00,2.05,0.00,2.18,-0.00,8.84,10.70,11.06,11.12,11.12,0.00,0.00,-0.00,0.00,0.00,0.58,0.0001,0.0001,-0.00,0,0,0,0,22.98,24.92,26.94,23.71,799.0,109.48,678,8.588,0.93196,1.175250,0,38963,4.10,3.34,5.05,0,0,0.640000,0.010000,0.060000,0.040000,,,,288.000000,22.790001,24.905001,31509.000000,17026.000000
0:00:05,1779211385,2026-05-19T17:23:05,2026-05-19T11:23:05,1779211385,0.998,0.998,0.083,0.998,0.998,0.083,80.55,099,24.36,798.79,18.01,0.9329,1961.5,3,37.290348,-107.882683,2016.9,8,0.227000,1.2,   896,,,,    -9,,,,  -458,,,,   910,,,,   131,,,,   577,,,,0.0,100.0,0.0,0.0,0.0,0.0,8945.9,0.49,90189.0,8388607.0,109884.0,61.0,1,1.41,0.00,1.79,0.00,2.04,-0.00,2.17,-0.00,8.99,10.85,11.19,11.26,11.26,0.00,0.00,0.00,-0.00,-0.00,0.57,0.0001,0.0001,0.00,0,0,0,0,23.02,24.93,27.05,23.78,799.0,109.48,678,8.588,0.93100,1.174625,0,38963,4.10,3.34,5.05,0,0,0.620000,0.020000,0.040000,0.040000,,,,,,,31561.000000,17001.000000
0:00:06,1779211386,2026-05-19T17:23:06,2026-05-19T11:23:06,1779211386,0.996,0.996,0.100,0.996,0.996,0.100,80.25,099,24.36,798.79,17.56,0.9330,1961.5,3,37.290348,-107.882683,2016.5,8,0.123000,1.2,   889,,,,    -9,,,,  -471,,,,   988,,,,  -253,,,,   673,,,,0.0,100.0,0.0,0.0,0.0,0.0,8236.5,0.64,82232.0,8388607.0,97334.0,80.0,1,1.42,-0.00,1.80,0.00,2.05,0.00,2.17,-0.00,9.09,10.95,11.29,11.35,11.35,0.00,-0.00,-0.00,0.00,0.00,0.57,0.0002,0.0002,0.00,0,0,0,0,23.06,24.96,27.03,23.84,799.0,109.48,678,8.588,0.92948,1.173625,0,38962,4.09,3.34,5.05,0,0,0.620000,0.020000,0.030000,0.040000,,,,,,,31611.000000,16974.000000
0:00:07,1779211387,2026-05-19T17:23:07,2026-05-19T11:23:07,1779211387,0.998,0.998,0.116,0.998,0.998,0.116,80.65,099,24.36,798.79,17.87,0.9329,1961.5,3,37.290344,-107.882683,2016.4,8,0.261000,1.2,   891,,,,    -6,,,,  -459,,,,   595,,,,    43,,,,   280,,,,0.0,100.0,0.0,0.0,0.0,0.0,7868.0,0.21,78405.0,8388607.0,92566.0,26.0,1,1.42,-0.00,1.79,0.00,2.04,-0.00,2.16,-0.00,9.06,10.91,11.25,11.31,11.31,-0.00,0.00,-0.00,0.00,0.00,0.57,0.0002,0.0002,0.00,0,0,0,0,23.09,24.99,27.06,23.72,798.9,109.48,678,8.588,0.93139,1.174875,0,38962,4.09,3.34,5.05,0,0,0.620000,0.020000,0.030000,0.040000,,,,,,,31643.000000,16948.000000
0:00:08,1779211388,2026-05-19T17:23:08,2026-05-19T11:23:08,1779211388,0.999,0.999,0.133,0.999,0.999,0.133,80.60,099,24.36,798.79,17.83,0.9329,1961.5,3,37.290340,-107.882690,2016.1,8,0.422000,1.2,   887,,,,    -2,,,,  -457,,,,   350,,,,  -236,,,,   717,,,,0.0,100.0,0.0,0.0,0.0,0.0,8324.5,0.35,83467.0,8388607.0,100307.0,43.0,1,1.40,0.00,1.77,0.00,2.01,-0.00,2.13,0.00,8.99,10.83,11.15,11.21,11.21,-0.00,0.00,0.00,-0.00,-0.00,0.57,0.0002,0.0002,0.00,0,0,0,0,23.13,25.01,27.11,23.62,798.9,109.48,678,8.588,0.93177,1.175125,0,38961,4.09,3.34,5.05,0,0,0.620000,0.020000,0.030000,0.040000,,,,,,,31676.000000,16920.000000
0:00:09,1779211389,2026-05-19T17:23:09,2026-05-19T11:23:09,1779211389,1.000,1.000,0.150,1.000,1.000,0.150,80.35,099,24.36,798.79,17.72,0.9330,1961.5,3,37.290340,-107.882690,2015.9,8,0.252000,1.2,   892,,,,    -8,,,,  -456,,,,   183,,,,   743,,,,   210,,,,0.0,100.0,0.0,0.0,0.0,0.0,8695.3,0.49,87531.0,8388607.0,106323.0,61.0,1,1.38,0.00,1.74,-0.00,1.98,0.00,2.10,0.00,8.84,10.64,10.96,11.02,11.02,0.00,-0.00,-0.00,0.00,0.00,0.57,0.0003,0.0003,-0.00,0,0,0,0,23.16,25.05,27.10,23.77,799.0,109.48,678,8.590,0.93253,1.175625,0,38961,4.10,3.34,5.05,0,0,0.640000,0.020000,0.040000,0.050000,,,,299.000000,22.768999,24.833000,31715.000000,16904.000000
0:00:10,1779211390,2026-05-19T17:23:10,2026-05-19T11:23:10,1779211390,1.000,1.000,0.166,1.000,1.000,0.166,80.50,099,24.36,798.79,17.74,0.9330,1961.5,3,37.290340,-107.882690,2015.3,8,0.108000,1.2,   890,,,,     0,,,,  -459,,,,   498,,,,    17,,,,   420,,,,0.0,100.0,0.0,0.0,0.0,0.0,9096.6,0.16,91981.0,8388607.0,113132.0,19.0,1,1.35,-0.00,1.70,0.00,1.93,0.00,2.04,0.00,8.68,10.44,10.75,10.81,10.81,-0.00,-0.00,-0.00,-0.00,-0.00,0.56,0.0003,0.0003,-0.00,0,0,0,0,23.20,25.08,27.17,23.78,799.0,109.48,678,8.589,0.93311,1.176000,0,38961,4.10,3.34,5.05,0,0,0.630000,0.020000,0.020000,0.050000,,,,,,,31708.000000,16885.000000
0:00:11,1779211391,2026-05-19T17:23:11,2026-05-19T11:23:11,1779211391,0.999,0.999,0.183,0.999,0.999,0.183,80.75,099,24.36,798.79,17.92,0.9329,1961.5,3,37.290337,-107.882690,2014.9,8,0.174000,1.2,   887,,,,     1,,,,  -462,,,,   743,,,,   822,,,,   122,,,,0.0,100.0,0.0,0.0,0.0,0.0,9324.5,0.46,94456.0,8388607.0,116698.0,56.0,1,1.33,-0.00,1.67,0.00,1.88,0.00,1.99,-0.00,8.56,10.28,10.57,10.63,10.63,-0.00,-0.00,0.00,-0.00,-0.00,0.55,0.0003,0.0003,-0.00,0,0,0,0,23.23,25.09,27.19,24.12,799.0,109.48,678,8.590,0.93196,1.175250,0,38960,4.10,3.34,5.05,0,0,0.620000,0.020000,0.030000,0.030000,,,,,,,31754.000000,16869.000000
0:00:12,1779211392,2026-05-19T17:23:12,2026-05-19T11:23:12,1779211392,0.999,0.999,0.200,0.999,0.999,0.200,80.40,099,24.36,798.79,17.82,0.9330,1961.5,3,37.290337,-107.882690,2015.0,8,0.031000,1.2,   885,,,,    10,,,,  -450,,,,   -61,,,,   586,,,,   875,,,,0.0,100.0,0.0,0.0,0.0,0.0,9443.9,0.71,95823.0,8388607.0,118970.0,87.0,1,1.30,0.00,1.63,-0.00,1.84,-0.00,1.94,-0.00,8.40,10.08,10.37,10.42,10.42,0.00,-0.00,0.00,-0.00,-0.00,0.55,0.0003,0.0003,-0.00,0,0,0,0,23.26,25.12,27.24,23.50,799.0,109.48,678,8.590,0.93234,1.175500,0,38960,4.10,3.34,5.05,0,0,0.620000,0.020000,0.030000,0.040000,,,,,,,31785.000000,16858.000000
0:00:13,1779211393,2026-05-19T17:23:13,2026-05-19T11:23:13,1779211393,1.000,1.000,0.216,1.000,1.000,0.216,80.60,099,24.36,798.79,17.99,0.9329,1961.5,3,37.290337,-107.882690,2014.5,8,0.124000,1.2,   886,,,,    10,,,,  -460,,,,  1111,,,, -1155,,,,  -437,,,,0.0,100.0,0.0,0.0,0.0,0.0,9589.2,0.39,97430.0,8388607.0,121410.0,49.0,1,1.28,-0.00,1.59,0.00,1.79,0.00,1.90,0.00,8.23,9.87,10.15,10.20,10.20,0.00,-0.00,0.00,0.00,0.00,0.55,0.0004,0.0004,-0.00,0,0,0,0,23.30,25.15,27.26,23.96,799.0,109.48,678,8.590,0.93311,1.176000,0,38959,4.10,3.34,5.05,0,0,0.630000,0.020000,0.040000,0.040000,,,,,,,31786.000000,16832.000000
0:00:14,1779211394,2026-05-19T17:23:14,2026-05-19T11:23:14,1779211394,1.000,1.000,0.233,1.000,1.000,0.233,80.85,099,24.36,798.79,17.95,0.9329,1961.5,3,37.290337,-107.882690,2014.2,8,0.138000,1.2,   883,,,,    10,,,,  -458,,,,   507,,,,  -630,,,,   411,,,,0.0,100.0,0.0,0.0,0.0,0.0,9686.0,0.57,98448.0,8388607.0,122731.0,70.0,1,1.25,-0.00,1.55,0.00,1.75,0.00,1.84,0.00,8.05,9.65,9.91,9.96,9.96,0.00,0.00,-0.00,0.00,0.00,0.55,0.0004,0.0004,0.00,0,0,0,0,23.33,25.17,27.31,24.00,799.0,109.48,678,8.589,0.93330,1.176125,0,38959,4.10,3.34,5.05,0,0,0.620000,0.020000,0.030000,0.040000,,,,312.000000,22.731001,24.700001,31832.000000,16814.000000
0:00:15,1779211395,2026-05-19T17:23:15,2026-05-19T11:23:15,1779211395,1.000,1.000,0.250,1.000,1.000,0.250,80.60,099,24.36,798.79,17.88,0.9329,1961.5,3,37.290333,-107.882690,2013.6,8,0.091000,1.2,   883,,,,   113,,,,  -471,,,, -8776,,,,  5302,,,,-36741,,,,0.0,100.0,0.0,0.0,0.0,0.0,9476.6,0.36,97384.0,8388607.0,126382.0,45.0,1,1.23,-0.00,1.55,0.00,1.75,0.00,1.86,0.00,7.89,9.48,9.76,9.82,9.82,0.00,-0.00,-0.00,0.00,0.00,0.56,0.0004,0.0004,0.00,0,0,0,0,23.36,25.19,27.35,23.96,798.9,109.48,678,8.589,0.93330,1.176125,0,38959,4.10,3.34,5.05,0,0,0.630000,0.020000,0.020000,0.050000,,,,,,,31834.000000,16789.000000
0:00:16,1779211396,2026-05-19T17:23:16,2026-05-19T11:23:16,1779211396,1.000,1.000,0.266,1.000,1.000,0.266,80.70,099,24.36,798.79,17.66,0.9330,1961.5,3,37.290333,-107.882690,2013.7,8,0.087000,1.2,   857,,,,   326,,,,  -400,,,, -2187,,,, -1540,,,,  1067,,,,0.0,100.0,0.0,0.0,0.0,0.0,10342.4,0.12,105782.0,8388607.0,134184.0,15.0,1,1.22,-0.00,1.56,0.00,1.79,-0.00,1.91,-0.00,7.75,9.38,9.69,9.74,9.74,0.00,-0.00,-0.00,0.00,0.00,0.57,0.0004,0.0004,-0.00,0,0,0,0,23.40,25.22,27.36,23.87,798.9,109.48,678,8.590,0.93311,1.176000,0,38958,4.10,3.34,5.05,0,0,0.620000,0.020000,0.030000,0.030000,,,,,,,31838.000000,16768.000000
0:00:17,1779211397,2026-05-19T17:23:17,2026-05-19T11:23:17,1779211397,0.999,0.999,0.283,0.999,0.999,0.283,81.00,099,24.36,798.79,17.79,0.9330,1961.5,3,37.290329,-107.882690,2013.2,8,0.171000,1.2,   736,,,,   465,,,,  -474,,,,  6825,,,,  6571,,,,  -700,,,,0.0,100.0,0.0,0.0,0.0,0.0,13913.4,0.43,137581.0,8388607.0,150116.0,52.0,1,1.21,-0.00,1.56,0.00,1.80,0.00,1.91,-0.00,7.69,9.32,9.63,9.69,9.69,0.00,0.00,-0.00,0.00,0.00,0.58,0.0005,0.0005,0.00,0,0,0,0,23.43,25.25,27.40,24.52,799.0,109.48,678,8.590,0.93158,1.175000,0,38958,4.10,3.34,5.05,0,0,0.630000,0.020000,0.040000,0.040000,,,,,,,31842.000000,16744.000000
0:00:18,1779211398,2026-05-19T17:23:18,2026-05-19T11:23:18,1779211398,1.000,1.000,0.300,1.000,1.000,0.300,80.95,099,24.36,798.80,17.54,0.9330,1961.5,3,37.290329,-107.882683,2012.8,8,0.222000,1.2,   812,,,,   375,,,,  -472,,,,  2283,,,, -1225,,,,  2283,,,,0.0,100.0,0.0,0.0,0.0,0.0,13493.7,0.64,133707.0,8388607.0,147459.0,80.0,1,1.23,0.00,1.56,0.00,1.78,-0.00,1.89,-0.00,7.82,9.44,9.74,9.79,9.79,-0.00,0.00,-0.00,0.00,0.00,0.56,0.0005,0.0005,0.00,0,0,0,0,23.46,25.28,27.45,24.17,799.0,109.48,678,8.590,0.93311,1.176000,0,38957,4.10,3.34,5.05,0,0,0.620000,0.020000,0.030000,0.040000,,,,321.000000,22.768999,24.695999,31870.000000,16734.000000
0:00:19,1779211399,2026-05-19T17:23:19,2026-05-19T11:23:19,1779211399,1.001,1.001,0.316,1.001,1.001,0.316,81.55,099,24.36,798.80,18.37,0.9329,1961.5,3,37.290325,-107.882690,2012.4,9,0.147000,1.2,   804,,,,   376,,,,  -465,,,,   332,,,,   367,,,,   113,,,,0.0,100.0,0.0,0.0,0.0,0.0,13211.2,0.82,130854.0,8388607.0,144268.0,101.0,1,1.23,0.00,1.57,0.00,1.79,-0.00,1.90,-0.00,7.85,9.47,9.77,9.83,9.83,-0.00,0.00,0.00,-0.00,-0.00,0.56,0.0005,0.0005,-0.00,0,0,0,0,23.49,25.31,27.48,23.80,799.0,109.48,678,8.592,0.93368,1.176375,0,38957,4.10,3.34,5.05,0,0,0.630000,0.020000,0.030000,0.040000,,,,,,,31864.000000,16723.000000
0:00:20,1779211400,2026-05-19T17:23:20,2026-05-19T11:23:20,1779211400,1.001,1.001,0.333,1.001,1.001,0.333,81.35,099,24.36,798.80,19.99,0.9327,1961.5,3,37.290325,-107.882690,2012.7,9,0.194000,1.2,   801,,,,   376,,,,  -465,,,,   131,,,,   446,,,,   997,,,,0.0,100.0,0.0,0.0,0.0,0.0,12077.4,0.49,118714.0,8388607.0,127514.0,60.0,1,1.23,-0.00,1.57,-0.00,1.80,-0.00,1.91,-0.00,7.81,9.44,9.75,9.81,9.81,-0.00,-0.00,-0.00,0.00,0.00,0.57,0.0005,0.0005,0.00,0,0,0,0,23.52,25.34,27.48,24.22,798.9,109.48,678,8.593,0.93368,1.176375,0,38956,4.10,3.34,5.05,0,0,0.620000,0.020000,0.030000,0.040000,,,,,,,31873.000000,16714.000000
0:00:21,1779211401,2026-05-19T17:23:21,2026-05-19T11:23:21,1779211401,1.003,1.003,0.350,1.003,1.003,0.350,81.05,099,24.36,798.80,20.59,0.9326,1961.5,3,37.290325,-107.882690,2012.8,8,0.173000,1.2,   803,,,,   369,,,,  -477,,,,  1373,,,,  -472,,,,   280,,,,0.0,100.0,0.0,0.0,0.0,0.0,10125.9,0.48,98647.0,8388607.0,103420.0,59.0,1,1.21,-0.00,1.55,-0.00,1.78,-0.00,1.89,0.00,7.72,9.33,9.63,9.69,9.69,-0.00,-0.00,0.00,0.00,0.00,0.57,0.0006,0.0006,0.00,0,0,0,0,23.55,25.36,27.56,24.25,799.0,109.48,678,8.593,0.93559,1.177625,0,38956,4.10,3.34,5.05,0,0,0.620000,0.020000,0.030000,0.040000,,,,,,,31874.000000,16695.000000
0:00:22,1779211402,2026-05-19T17:23:22,2026-05-19T11:23:22,1779211402,1.004,1.004,0.366,1.004,1.004,0.366,81.30,099,24.36,798.80,21.13,0.9325,1961.5,3,37.290325,-107.882690,2012.7,8,0.188000,1.2,   804,,,,   376,,,,  -466,,,,   840,,,,  -822,,,,   612,,,,0.0,100.0,0.0,0.0,0.0,0.0,9618.1,0.20,93099.0,8388607.0,95280.0,25.0,1,1.21,-0.00,1.56,0.00,1.80,-0.00,1.92,-0.00,7.63,9.26,9.58,9.64,9.64,-0.00,0.00,-0.00,-0.00,-0.00,0.58,0.0006,0.0006,-0.00,0,0,0,0,23.59,25.38,27.59,24.10,799.0,109.48,678,8.592,0.93617,1.178000,0,38956,4.10,3.34,5.05,0,0,0.690000,0.020000,0.030000,0.110000,,,,,,,31854.000000,16687.000000
0:00:23,1779211403,2026-05-19T17:23:23,2026-05-19T11:23:23,1779211403,1.004,1.004,0.383,1.004,1.004,0.383,81.35,099,24.36,798.80,22.19,0.9324,1961.4,3,37.290321,-107.882690,2012.6,8,0.282000,1.2,   803,,,,   374,,,,  -470,,,,  1400,,,,  -402,,,,   630,,,,0.0,100.0,0.0,0.0,0.0,0.0,7481.7,0.46,71088.0,8388607.0,68655.0,57.0,1,1.19,0.00,1.54,-0.00,1.77,0.00,1.89,0.00,7.53,9.14,9.45,9.51,9.51,-0.00,-0.00,-0.00,0.00,0.00,0.58,0.0006,0.0006,0.00,0,0,0,0,23.62,25.40,27.60,24.27,799.0,109.48,678,8.593,0.93598,1.177875,0,38955,4.09,3.34,5.05,0,0,0.620000,0.020000,0.030000,0.040000,,,,324.000000,22.766001,24.964001,31844.000000,16687.000000
0:00:24,1779211404,2026-05-19T17:23:24,2026-05-19T11:23:24,1779211404,1.006,1.006,0.400,1.006,1.006,0.400,81.55,099,24.36,798.80,22.68,0.9323,1961.4,3,37.290321,-107.882690,2012.5,8,0.199000,1.2,   802,,,,   371,,,,  -473,,,,   612,,,,   -61,,,,  1120,,,,0.0,100.0,0.0,0.0,0.0,0.0,6020.7,0.53,56610.0,8388607.0,53735.0,66.0,1,1.18,0.00,1.55,0.00,1.79,-0.00,1.92,-0.00,7.44,9.06,9.39,9.45,9.45,-0.00,0.00,-0.00,-0.00,-0.00,0.59,0.0007,0.0007,-0.00,0,0,0,0,23.65,25.43,27.66,24.33,799.0,109.48,680,8.593,0.93751,1.178875,0,38955,4.09,3.34,5.05,0,0,0.630000,0.020000,0.030000,0.040000,,,,,,,31828.000000,16662.000000
0:00:25,1779211405,2026-05-19T17:23:25,2026-05-19T11:23:25,1779211405,1.003,1.003,0.417,1.003,1.003,0.417,81.05,099,24.36,798.80,23.80,0.9322,1961.4,3,37.290318,-107.882690,2011.8,8,0.179000,1.2,   799,,,,   369,,,,  -478,,,,   402,,,,  -315,,,,   962,,,,0.0,100.0,0.0,0.0,0.0,0.0,6214.6,0.44,58588.0,8388607.0,56039.0,54.0,1,1.17,-0.00,1.53,0.00,1.77,-0.00,1.89,-0.00,7.38,8.98,9.30,9.36,9.36,0.00,-0.00,-0.00,-0.00,-0.00,0.58,0.0007,0.0007,0.00,0,0,0,0,23.68,25.46,27.66,24.26,799.0,109.48,680,8.583,0.93521,1.177375,0,38954,4.10,3.34,5.05,0,0,0.630000,0.020000,0.030000,0.040000,,,,,,,31806.000000,16662.000000
0:00:26,1779211406,2026-05-19T17:23:26,2026-05-19T11:23:26,1779211406,1.006,1.006,0.433,1.006,1.006,0.433,81.40,099,24.36,798.80,23.79,0.9322,1961.4,3,37.290318,-107.882690,2011.4,8,0.172000,1.2,   788,,,,   347,,,,  -464,,,,  7665,,,, -1277,,,,  -253,,,,0.0,100.0,0.0,0.0,0.0,0.0,7404.7,0.52,70492.0,8388607.0,68830.0,64.0,1,1.15,-0.00,1.50,0.00,1.74,0.00,1.85,-0.00,7.25,8.82,9.13,9.19,9.19,-0.00,0.00,0.00,-0.00,-0.00,0.58,0.0007,0.0007,0.00,0,0,0,0,23.71,25.48,27.70,24.16,798.9,109.48,682,8.584,0.93732,1.178750,0,38954,4.10,3.34,5.05,0,0,0.620000,0.020000,0.030000,0.040000,,,,,,,31793.000000,16635.000000
0:00:27,1779211407,2026-05-19T17:23:27,2026-05-19T11:23:27,1779211407,1.002,1.002,0.450,1.002,1.002,0.450,81.20,099,24.36,798.80,23.95,0.9321,1961.4,3,37.290318,-107.882698,2011.0,8,0.083000,1.2,   789,,,,   307,,,,  -529,,,, -1942,,,,  3246,,,,  1793,,,,0.0,100.0,0.0,0.0,0.0,0.0,8719.4,0.60,84038.0,8388607.0,85216.0,74.0,1,1.12,0.00,1.46,-0.00,1.69,-0.00,1.81,-0.00,7.07,8.60,8.91,8.97,8.97,0.00,-0.00,-0.00,0.00,0.00,0.58,0.0007,0.0007,0.00,0,0,0,0,23.74,25.52,27.75,24.14,799.0,109.48,682,8.575,0.93444,1.176875,0,38953,4.10,3.34,5.05,0,0,0.630000,0.020000,0.030000,0.040000,,,,,,,31781.000000,16620.000000
0:00:28,1779211408,2026-05-19T17:23:28,2026-05-19T11:23:28,1779211408,1.003,1.003,0.467,1.003,1.003,0.467,81.45,099,24.36,798.80,25.10,0.9320,1961.4,3,37.290318,-107.882698,2011.2,8,0.130000,1.2,   835,,,,   265,,,,  -476,,,,  1776,,,,   113,,,, -1592,,,,0.0,100.0,0.0,0.0,0.0,0.0,9646.5,0.53,94141.0,8388607.0,99924.0,66.0,1,1.09,-0.00,1.42,-0.00,1.64,-0.00,1.75,0.00,6.90,8.39,8.69,8.74,8.74,0.00,0.00,-0.00,0.00,0.00,0.58,0.0008,0.0008,0.00,0,0,0,0,23.77,25.54,27.81,24.37,799.0,109.48,682,8.576,0.93502,1.177250,0,38953,4.09,3.34,5.05,0,0,0.620000,0.020000,0.040000,0.030000,,,,333.000000,22.763000,25.535000,31773.000000,16649.000000
0:00:29,1779211409,2026-05-19T17:23:29,2026-05-19T11:23:29,1779211409,1.003,1.003,0.484,1.003,1.003,0.484,81.15,099,24.36,798.80,25.30,0.9320,1961.4,3,37.290318,-107.882698,2011.0,8,0.151000,1.2,   840,,,,   294,,,,  -469,,,, -1645,,,,   656,,,, -1697,,,,0.0,100.0,0.0,0.0,0.0,0.0,9172.5,0.55,89534.0,8388607.0,95603.0,68.0,1,1.07,0.00,1.39,-0.00,1.60,-0.00,1.70,0.00,6.78,8.23,8.52,8.57,8.57,-0.00,-0.00,0.00,0.00,0.00,0.57,0.0008,0.0008,-0.00,0,0,0,0,23.80,25.55,27.81,24.04,799.0,109.48,682,8.575,0.93483,1.177125,0,38953,4.10,3.34,5.05,0,0,0.630000,0.020000,0.030000,0.040000,,,,,,,31731.000000,16627.000000
0:00:30,1779211410,2026-05-19T17:23:30,2026-05-19T11:23:30,1779211410,1.001,1.001,0.500,1.001,1.001,0.500,81.20,099,25.52,798.80,25.61,0.9319,1961.4,3,37.290314,-107.882698,2011.0,7,0.250000,1.5,,2009.9,   736,   896,,31166.6,    -9,   465,,339.6,  -529,  -400,,6910217.0, -8776,  7665,,3227468.0, -2248,  6571,,45360296.0,-36741,  2283,0.0,100.0,0.0,0.0,0.0,0.0,8663.6,0.49,84237.0,8388607.0,88949.0,61.0,1,1.06,0.00,1.38,-0.00,1.59,0.00,1.70,-0.00,6.71,8.15,8.44,8.49,8.49,0.00,0.00,0.00,0.00,0.00,0.58,0.0008,0.0008,0.00,0,0,0,0,23.83,25.60,27.82,24.27,798.9,109.94,682,8.576,0.93330,1.176125,0,38952,4.10,3.34,5.05,0,0,0.620000,0.020000,0.030000,0.040000,1,0.000000,30.000000,,,,31731.000000,16622.000000
0:00:31,1779211411,2026-05-19T17:23:31,2026-05-19T11:23:31,1779211411,1.004,1.004,0.517,1.004,1.004,0.517,80.70,099,25.52,798.81,24.02,0.9283,1961.4,3,37.290306,-107.882690,2010.8,8,0.479000,1.2,   827,,,,   300,,,,  -478,,,,    -8,,,, -1085,,,,   -87,,,,0.0,100.0,0.0,0.0,0.0,0.0,7784.4,0.09,74847.0,8388607.0,76096.0,12.0,1,1.06,0.00,1.37,0.00,1.58,0.00,1.68,-0.00,6.68,8.11,8.39,8.44,8.44,0.00,-0.00,0.00,0.00,0.00,0.58,0.0008,0.0008,-0.00,0,0,0,0,23.86,25.62,27.86,24.27,798.9,109.94,683,8.576,0.93215,1.175375,0,38952,4.10,3.34,5.05,0,0,0.710000,0.020000,0.030000,0.060000,,,,,,,31738.000000,16592.000000
0:00:32,1779211412,2026-05-19T17:23:32,2026-05-19T11:23:32,1779211412,1.004,1.004,0.534,1.004,1.004,0.534,80.90,099,25.52,798.81,22.68,0.9285,1961.4,3,37.290306,-107.882690,2010.5,8,0.415000,1.2,   820,,,,   295,,,,  -476,,,,  -183,,,,  -210,,,,   227,,,,0.0,100.0,0.0,0.0,0.0,0.0,6864.3,0.12,65455.0,8388607.0,65128.0,15.0,1,1.07,-0.00,1.40,0.00,1.63,-0.00,1.74,0.00,6.72,8.20,8.50,8.55,8.55,0.00,0.00,0.00,0.00,0.00,0.58,0.0008,0.0008,0.00,0,0,0,0,23.89,25.64,27.89,24.34,799.0,109.94,683,8.570,0.93253,1.175625,0,38951,4.10,3.34,5.05,0,0,0.630000,0.020000,0.030000,0.040000,,,,,,,31711.000000,16589.000000
0:00:33,1779211413,2026-05-19T17:23:33,2026-05-19T11:23:33,1779211413,1.003,1.003,0.550,1.003,1.003,0.550,81.00,099,25.52,798.81,21.50,0.9286,1961.4,3,37.290302,-107.882690,2010.1,8,0.366000,1.2,   824,,,,   291,,,,  -481,,,,     0,,,,   148,,,,   148,,,,0.0,100.0,0.0,0.0,0.0,0.0,6802.0,0.49,64908.0,8388607.0,64893.0,60.0,1,1.10,0.00,1.43,0.00,1.65,-0.00,1.76,0.00,6.96,8.46,8.75,8.81,8.81,-0.00,0.00,0.00,-0.00,-0.00,0.58,0.0009,0.0009,0.00,0,0,0,0,23.92,25.67,27.93,24.46,799.0,109.94,683,8.571,0.93158,1.175000,0,38951,4.09,3.34,5.05,0,0,0.620000,0.020000,0.030000,0.040000,,,,335.000000,22.802999,26.492001,31798.000000,16665.000000
0:00:34,1779211414,2026-05-19T17:23:34,2026-05-19T11:23:34,1779211414,1.004,1.004,0.567,1.004,1.004,0.567,81.05,099,25.52,798.81,20.66,0.9287,1961.3,3,37.290302,-107.882698,2009.7,8,0.326000,1.2,   821,,,,   298,,,,  -492,,,,   927,,,,  -883,,,,   717,,,,0.0,100.0,0.0,0.0,0.0,0.0,6976.9,0.39,66451.0,8388607.0,65591.0,49.0,1,1.12,-0.00,1.45,0.00,1.68,-0.00,1.79,0.00,7.05,8.57,8.87,8.93,8.93,-0.00,0.00,-0.00,0.00,0.00,0.58,0.0009,0.0009,0.00,0,0,0,0,23.95,25.69,27.95,24.46,798.9,109.94,683,8.571,0.93234,1.175500,0,38951,4.10,3.34,5.05,0,0,0.630000,0.020000,0.030000,0.040000,,,,,,,31844.000000,16649.000000
0:00:35,1779211415,2026-05-19T17:23:35,2026-05-19T11:23:35,1779211415,1.004,1.004,0.584,1.004,1.004,0.584,80.85,099,25.52,798.81,21.10,0.9287,1961.3,3,37.290302,-107.882698,2009.8,8,0.190000,1.2,   908,,,,   315,,,,  -309,,,, -3570,,,, 22207,,,,  4270,,,,0.0,100.0,0.0,0.0,0.0,0.0,4177.7,0.18,40842.0,8388607.0,49196.0,22.0,1,1.13,-0.00,1.46,-0.00,1.69,-0.00,1.80,0.00,7.14,8.67,8.97,9.03,9.03,-0.00,0.00,-0.00,-0.00,-0.00,0.58,0.0009,0.0009,-0.00,0,0,0,0,23.98,25.71,28.00,24.40,799.0,109.94,683,8.571,0.93272,1.175750,0,38950,4.10,3.34,5.05,0,0,0.620000,0.020000,0.030000,0.040000,,,,,,,31846.000000,16634.000000
0:00:36,1779211416,2026-05-19T17:23:36,2026-05-19T11:23:36,1779211416,1.004,1.004,0.601,1.004,1.004,0.601,81.50,099,25.52,798.81,20.71,0.9287,1961.3,3,37.290298,-107.882698,2009.1,8,0.227000,1.2,   758,,,,   -60,,,,  -685,,,,  5302,,,,-31010,,,, 43085,,,,0.0,100.0,0.0,0.0,0.0,0.0,10382.8,0.53,98299.0,8388607.0,89484.0,66.0,1,1.17,0.00,1.53,0.00,1.77,0.00,1.90,0.00,7.32,8.92,9.25,9.31,9.31,-0.00,-0.00,-0.00,-0.00,-0.00,0.59,0.0009,0.0009,0.00,0,0,0,0,24.01,25.74,28.00,24.32,799.0,109.94,673,8.571,0.93234,1.175500,0,38950,4.10,3.34,5.05,0,0,0.620000,0.020000,0.030000,0.040000,,,,,,,31833.000000,16638.000000
0:00:37,1779211417,2026-05-19T17:23:37,2026-05-19T11:23:37,1779211417,1.018,1.018,0.618,1.018,1.018,0.618,82.15,098,25.68,798.80,16.78,0.9288,1961.4,3,37.290306,-107.882698,2004.3,9,0.396000,1.2,   855,,,,   -18,,,,  -370,,,, 45053,,,,-20448,,,,-39847,,,,0.0,100.0,0.0,0.0,0.0,0.0,8207.0,0.79,78963.0,8388607.0,79997.0,98.0,1,1.20,0.00,1.57,0.00,1.81,0.00,1.94,0.00,7.57,9.21,9.54,9.60,9.60,0.00,0.00,0.00,-0.00,-0.00,0.59,0.0010,0.0010,-0.00,0,0,0,0,24.63,26.22,28.05,24.56,799.0,110.00,256,13.195,1.85518,1.603375,0,38949,4.09,3.34,5.05,0,0,0.640000,0.020000,0.030000,0.040000,,,,,,,31860.000000,16617.000000
0:00:50,1779211430,2026-05-19T17:23:50,2026-05-19T11:23:50,1779211430,1.988,1.988,0.651,1.988,1.988,0.651,219.05,097,25.68,798.80,16.80,0.9288,1961.4,0,-9999.000000,-9999.000000,-9999.0,0,-9999.000000,-9999.0,   760,,,,   332,,,,  -561,,,,   708,,,,  -105,,,,    -8,,,,0.0,100.0,0.0,0.0,0.0,0.0,8253.5,0.63,79452.0,8388607.0,80633.0,78.0,1,1.39,0.00,1.85,0.00,2.17,-0.00,2.33,0.00,8.64,10.59,11.01,11.09,11.09,0.00,0.00,-0.00,-0.00,-0.00,0.61,0.0010,0.0010,-0.00,0,0,0,0,24.65,26.26,28.49,24.81,799.0,110.00,254,13.197,1.84603,1.600375,0,38942,4.08,3.34,5.05,0,0,13.770000,0.000000,0.030000,0.060000,,,,331.000000,22.875999,26.733000,32251.000000,16550.000000
0:00:51,1779211431,2026-05-19T17:23:51,2026-05-19T11:23:51,1779211431,1.996,1.996,0.684,1.996,1.996,0.684,221.60,097,25.68,798.80,16.80,0.9288,1961.4,3,37.290340,-107.882706,1996.1,9,0.018000,1.2,   762,,,,   331,,,,  -560,,,,   393,,,,   315,,,,   122,,,,0.0,100.0,0.0,0.0,0.0,0.0,8328.0,0.91,80288.0,8388607.0,81952.0,113.0,1,1.39,-0.00,1.85,-0.00,2.16,0.00,2.32,0.00,8.66,10.61,11.03,11.10,11.10,0.00,0.00,-0.00,0.00,0.00,0.61,0.0011,0.0011,0.00,0,0,0,0,24.68,26.26,28.52,24.66,799.0,110.00,254,13.240,1.85403,1.603000,0,38942,4.08,3.34,5.05,0,0,0.640000,0.020000,0.060000,0.040000,,,,,,,32266.000000,16540.000000
0:00:52,1779211432,2026-05-19T17:23:52,2026-05-19T11:23:52,1779211432,1.997,1.997,0.717,1.997,1.997,0.717,219.85,097,25.68,798.80,16.74,0.9288,1961.4,3,37.290340,-107.882706,1996.7,9,0.037000,1.2,   759,,,,   332,,,,  -564,,,,   630,,,,    -8,,,,   262,,,,0.0,100.0,0.0,0.0,0.0,0.0,8428.2,0.31,81333.0,8388607.0,83275.0,38.0,1,1.38,-0.00,1.83,-0.00,2.14,0.00,2.30,-0.00,8.58,10.51,10.93,11.00,11.00,0.00,-0.00,0.00,-0.00,-0.00,0.61,0.0011,0.0011,-0.00,0,0,0,0,24.70,26.31,28.60,24.84,798.9,110.00,254,13.241,1.85518,1.603375,0,38942,4.08,3.34,5.05,0,0,0.620000,0.020000,0.040000,0.030000,,,,331.000000,22.884001,26.225000,32281.000000,16502.000000
0:00:53,1779211433,2026-05-19T17:23:53,2026-05-19T11:23:53,1779211433,1.993,1.993,0.751,1.993,1.993,0.751,221.10,097,25.68,798.80,16.72,0.9288,1961.4,3,37.290340,-107.882706,1997.3,9,0.028000,1.2,   759,,,,   333,,,,  -562,,,,   367,,,,   341,,,,   140,,,,0.0,100.0,0.0,0.0,0.0,0.0,8488.7,0.70,82008.0,8388607.0,84325.0,86.0,1,1.37,0.00,1.81,-0.00,2.11,-0.00,2.26,0.00,8.53,10.43,10.84,10.91,10.91,0.00,0.00,-0.00,-0.00,-0.00,0.60,0.0012,0.0012,0.00,0,0,0,0,24.72,26.34,28.62,24.82,799.0,110.00,254,13.241,1.85098,1.602000,0,38941,4.08,3.34,5.05,0,0,0.880000,0.020000,0.040000,0.040000,,,,,,,32271.000000,16486.000000
0:00:54,1779211434,2026-05-19T17:23:54,2026-05-19T11:23:54,1779211434,1.997,1.997,0.784,1.997,1.997,0.784,219.50,097,25.68,798.80,16.63,0.9288,1961.4,3,37.290337,-107.882698,1998.2,9,0.002000,1.2,   758,,,,   333,,,,  -563,,,,   227,,,,   323,,,,   175,,,,0.0,100.0,0.0,0.0,0.0,0.0,8362.7,0.53,80611.0,8388607.0,82189.0,65.0,1,1.35,0.00,1.80,-0.00,2.11,-0.00,2.26,-0.00,8.44,10.34,10.75,10.82,10.82,-0.00,-0.00,0.00,0.00,0.00,0.61,0.0013,0.0013,0.00,0,0,0,0,24.74,26.39,28.67,24.99,799.0,110.00,254,13.241,1.85441,1.603125,0,38940,4.08,3.34,5.05,0,0,0.940000,0.020000,0.030000,0.040000,,,,,,,32300.000000,16500.000000
0:00:55,1779211435,2026-05-19T17:23:55,2026-05-19T11:23:55,1779211435,1.997,1.997,0.817,1.997,1.997,0.817,219.90,097,25.68,798.80,16.54,0.9288,1961.4,3,37.290337,-107.882706,1998.1,9,0.117000,1.2,   756,,,,   336,,,,  -564,,,,   630,,,,  -472,,,,   -70,,,,0.0,100.0,0.0,0.0,0.0,0.0,8197.3,0.60,78757.0,8388607.0,79270.0,74.0,1,1.34,-0.00,1.78,0.00,2.08,-0.00,2.23,0.00,8.40,10.27,10.67,10.74,10.74,0.00,-0.00,-0.00,-0.00,-0.00,0.60,0.0013,0.0013,0.00,0,0,0,0,24.77,26.43,28.73,25.15,798.9,110.00,254,13.241,1.85480,1.603250,0,38940,4.08,3.34,5.05,0,0,0.940000,0.020000,0.030000,0.040000,,,,,,,32318.000000,16483.000000
0:00:56,1779211436,2026-05-19T17:23:56,2026-05-19T11:23:56,1779211436,1.990,1.990,0.850,1.990,1.990,0.850,221.75,097,25.68,798.80,16.63,0.9288,1961.4,3,37.290337,-107.882698,1998.4,9,0.052000,1.2,   756,,,,   337,,,,  -565,,,,   866,,,,  -306,,,,   140,,,,0.0,100.0,0.0,0.0,0.0,0.0,8283.3,0.75,79668.0,8388607.0,80486.0,93.0,1,1.33,0.00,1.76,0.00,2.06,0.00,2.20,0.00,8.35,10.20,10.59,10.66,10.66,-0.00,-0.00,0.00,0.00,0.00,0.60,0.0014,0.0014,-0.00,0,0,0,0,24.79,26.47,28.77,24.88,798.9,110.00,253,13.241,1.84831,1.601125,0,38939,4.08,3.34,5.05,0,0,0.940000,0.020000,0.030000,0.040000,,,,,,,32344.000000,16482.000000
0:00:57,1779211437,2026-05-19T17:23:57,2026-05-19T11:23:57,1779211437,2.000,2.000,0.884,2.000,2.000,0.884,222.00,097,25.68,798.80,16.52,0.9288,1961.4,3,37.290337,-107.882706,1997.7,9,0.032000,1.2,   756,,,,   338,,,,  -563,,,,   253,,,,   -26,,,,   -52,,,,0.0,100.0,0.0,0.0,0.0,0.0,8400.1,0.73,80829.0,8388607.0,81697.0,91.0,1,1.33,-0.00,1.76,0.00,2.05,0.00,2.20,-0.00,8.28,10.13,10.52,10.59,10.59,0.00,0.00,-0.00,-0.00,-0.00,0.61,0.0014,0.0014,-0.00,0,0,0,0,24.81,26.52,28.81,24.97,799.0,110.00,253,13.264,1.85747,1.604125,0,38939,4.08,3.34,5.05,0,0,0.950000,0.020000,0.030000,0.040000,,,,332.000000,22.948000,25.796000,32330.000000,16446.000000
0:00:58,1779211438,2026-05-19T17:23:58,2026-05-19T11:23:58,1779211438,1.996,1.996,0.917,1.996,1.996,0.917,222.65,097,25.68,798.80,16.47,0.9288,1961.4,3,37.290333,-107.882706,1997.8,9,0.031000,1.2,   756,,,,   339,,,,  -563,,,,   140,,,,   288,,,,  -157,,,,0.0,100.0,0.0,0.0,0.0,0.0,8240.2,0.43,79017.0,8388607.0,78762.0,53.0,1,1.32,-0.00,1.74,-0.00,2.03,0.00,2.18,0.00,8.24,10.07,10.46,10.53,10.53,0.00,-0.00,0.00,-0.00,-0.00,0.61,0.0015,0.0015,0.00,0,0,0,0,24.83,26.56,28.84,24.96,799.0,110.00,253,13.264,1.85403,1.603000,0,38938,4.08,3.34,5.05,0,0,0.950000,0.020000,0.040000,0.040000,,,,,,,32345.000000,16435.000000
0:00:59,1779211439,2026-05-19T17:23:59,2026-05-19T11:23:59,1779211439,1.993,1.993,0.950,1.993,1.993,0.950,221.20,097,25.68,798.80,16.21,0.9289,1961.4,3,37.290333,-107.882706,1998.0,9,0.116000,1.2,   755,,,,   339,,,,  -564,,,,    70,,,,  1093,,,,    96,,,,0.0,100.0,0.0,0.0,0.0,0.0,7888.9,0.49,75216.0,8388607.0,73346.0,60.0,1,1.30,0.00,1.72,0.00,2.00,-0.00,2.14,0.00,8.11,9.92,10.30,10.37,10.37,0.00,-0.00,0.00,0.00,0.00,0.61,0.0016,0.0016,0.00,0,0,0,0,24.86,26.61,28.91,25.11,799.0,110.00,253,13.265,1.85136,1.602125,0,38937,4.08,3.34,5.05,0,0,0.940000,0.020000,0.030000,0.040000,,,,,,,32347.000000,16456.000000
0:01:00,1779211440,2026-05-19T17:24:00,2026-05-19T11:24:00,1779211440,2.000,2.000,0.983,2.000,2.000,0.983,215.40,097,25.68,798.80,15.65,0.9290,1961.4,3,37.290333,-107.882706,1997.1,9,0.051000,1.2,   758,,,,   336,,,,  -564,,,,  1102,,,,  -866,,,,    61,,,,0.0,100.0,0.0,0.0,0.0,0.0,7541.9,0.33,71517.0,8388607.0,68311.0,41.0,1,1.28,-0.00,1.70,-0.00,1.98,0.00,2.12,-0.00,8.00,9.78,10.16,10.23,10.23,0.00,-0.00,-0.00,0.00,0.00,0.61,0.0016,0.0016,0.00,0,0,0,0,24.88,26.65,28.93,24.80,799.0,110.00,253,13.265,1.85786,1.604250,0,38937,4.08,3.34,5.05,0,0,0.940000,0.020000,0.030000,0.040000,,,,,,,32356.000000,16437.000000
0:01:01,1779211441,2026-05-19T17:24:01,2026-05-19T11:24:01,1779211441,1.998,1.998,1.017,1.998,1.998,1.017,218.15,097,25.68,798.80,16.16,0.9289,1961.4,3,37.290333,-107.882706,1997.4,8,0.022000,1.2,   756,,,,   337,,,,  -565,,,,   367,,,,   472,,,,  -148,,,,0.0,100.0,0.0,0.0,0.0,0.0,7266.7,0.53,68589.0,8388607.0,64352.0,66.0,1,1.26,-0.00,1.67,-0.00,1.95,-0.00,2.09,0.00,7.88,9.63,10.00,10.07,10.07,0.00,-0.00,0.00,0.00,0.00,0.61,0.0017,0.0017,-0.00,0,0,0,0,24.90,26.68,28.94,25.11,799.0,110.00,253,13.267,1.85556,1.603500,0,38936,4.07,3.34,5.05,0,0,0.940000,0.020000,0.030000,0.040000,,,,330.000000,22.976999,25.454000,32377.000000,16404.000000
0:01:02,1779211442,2026-05-19T17:24:02,2026-05-19T11:24:02,1779211442,1.998,1.998,1.050,1.998,1.998,1.050,217.05,097,25.68,798.80,16.14,0.9289,1961.4,3,37.290333,-107.882706,1997.4,8,0.045000,1.2,   755,,,,   341,,,,  -564,,,,   376,,,,   131,,,,    87,,,,0.0,100.0,0.0,0.0,0.0,0.0,7209.1,0.76,67970.0,8388607.0,63486.0,94.0,1,1.24,-0.00,1.64,-0.00,1.91,0.00,2.04,-0.00,7.74,9.46,9.82,9.89,9.89,0.00,-0.00,-0.00,-0.00,-0.00,0.61,0.0017,0.0017,0.00,0,0,0,0,24.93,26.74,29.00,25.05,799.0,110.00,253,13.267,1.85633,1.603750,0,38936,4.08,3.34,5.05,0,0,0.950000,0.020000,0.040000,0.040000,,,,,,,32382.000000,16399.000000
0:01:03,1779211443,2026-05-19T17:24:03,2026-05-19T11:24:03,1779211443,1.992,1.992,1.083,1.992,1.992,1.083,222.60,097,25.68,798.80,16.04,0.9289,1961.4,3,37.290333,-107.882706,1997.3,8,0.079000,1.2,   755,,,,   342,,,,  -561,,,,   323,,,,   148,,,,    35,,,,0.0,100.0,0.0,0.0,0.0,0.0,7147.2,0.43,67297.0,8388607.0,62516.0,52.0,1,1.22,0.00,1.61,-0.00,1.88,-0.00,2.01,0.00,7.67,9.37,9.72,9.79,9.79,-0.00,0.00,-0.00,0.00,0.00,0.61,0.0018,0.0018,-0.00,0,0,0,0,24.95,26.78,29.03,25.07,798.9,110.00,253,13.267,1.85060,1.601875,0,38935,4.08,3.34,5.05,0,0,0.940000,0.020000,0.030000,0.040000,,,,,,,32379.000000,16392.000000
0:01:04,1779211444,2026-05-19T17:24:04,2026-05-19T11:24:04,1779211444,1.998,1.998,1.117,1.998,1.998,1.117,221.90,097,25.68,798.80,16.06,0.9289,1961.4,3,37.290329,-107.882706,1997.4,8,0.090000,1.2,   755,,,,   341,,,,  -564,,,,   586,,,,   175,,,,    43,,,,0.0,100.0,0.0,0.0,0.0,0.0,7063.4,0.68,66419.0,8388607.0,61387.0,83.0,1,1.21,-0.00,1.60,-0.00,1.86,0.00,1.99,0.00,7.61,9.29,9.64,9.70,9.70,-0.00,0.00,-0.00,-0.00,-0.00,0.61,0.0018,0.0018,-0.00,0,0,0,0,24.97,26.81,29.10,25.08,799.0,110.00,253,13.267,1.85556,1.603500,0,38934,4.08,3.34,5.05,0,0,0.940000,0.020000,0.030000,0.040000,,,,,,,32404.000000,16383.000000
0:01:05,1779211445,2026-05-19T17:24:05,2026-05-19T11:24:05,1779211445,1.995,1.995,1.150,1.995,1.995,1.150,218.70,097,25.68,798.80,16.05,0.9289,1961.4,0,-9999.000000,-9999.000000,-9999.0,0,-9999.000000,-9999.0,   756,,,,   340,,,,  -565,,,,  1120,,,,  -910,,,,   -87,,,,0.0,100.0,0.0,0.0,0.0,0.0,7023.2,0.35,65995.0,8388607.0,60832.0,43.0,1,1.21,-0.00,1.60,-0.00,1.86,0.00,1.99,-0.00,7.59,9.27,9.62,9.69,9.69,-0.00,-0.00,-0.00,0.00,0.00,0.61,0.0019,0.0019,-0.00,0,0,0,0,25.00,26.85,29.14,25.51,798.9,110.00,253,13.267,1.85327,1.602750,0,38934,4.08,3.34,5.05,0,0,0.940000,0.030000,0.030000,0.040000,,,,,,,32398.000000,16375.000000
0:01:06,1779211446,2026-05-19T17:24:06,2026-05-19T11:24:06,1779211446,1.998,1.998,1.183,1.998,1.998,1.183,220.10,097,25.68,798.80,15.99,0.9289,1961.4,3,37.290329,-107.882706,1997.3,8,0.046000,1.2,   753,,,,   340,,,,  -566,,,,   262,,,,   507,,,,   297,,,,0.0,100.0,0.0,0.0,0.0,0.0,7020.3,0.48,65950.0,8388607.0,60705.0,59.0,1,1.20,0.00,1.58,0.00,1.84,-0.00,1.97,-0.00,7.55,9.22,9.56,9.62,9.62,0.00,-0.00,-0.00,-0.00,-0.00,0.61,0.0019,0.0019,-0.00,0,0,0,0,25.02,26.90,29.17,25.02,799.1,110.00,253,13.267,1.85633,1.603750,0,38933,4.08,3.34,5.05,0,0,0.960000,0.020000,0.040000,0.040000,,,,330.000000,23.044001,25.122999,32402.000000,16351.000000
0:01:07,1779211447,2026-05-19T17:24:07,2026-05-19T11:24:07,1779211447,1.992,1.992,1.216,1.992,1.992,1.216,221.25,097,25.68,798.80,16.09,0.9289,1961.4,3,37.290325,-107.882706,1997.2,8,0.036000,1.2,   754,,,,   338,,,,  -566,,,,   595,,,,   157,,,,   245,,,,0.0,100.0,0.0,0.0,0.0,0.0,6991.6,0.61,65675.0,8388607.0,60470.0,75.0,1,1.19,-0.00,1.56,-0.00,1.82,-0.00,1.94,0.00,7.48,9.13,9.46,9.53,9.53,-0.00,-0.00,-0.00,0.00,0.00,0.61,0.0020,0.0020,0.00,0,0,0,0,25.04,26.93,29.20,25.11,799.0,110.00,253,13.268,1.85022,1.601750,0,38933,4.08,3.34,5.05,0,0,0.950000,0.020000,0.040000,0.040000,,,,,,,32402.000000,16357.000000
0:01:08,1779211448,2026-05-19T17:24:08,2026-05-19T11:24:08,1779211448,1.993,1.993,1.250,1.993,1.993,1.250,219.50,097,25.68,798.80,15.99,0.9289,1961.4,3,37.290325,-107.882706,1997.3,8,0.050000,1.2,   755,,,,   339,,,,  -564,,,,   577,,,,  -192,,,,   -26,,,,0.0,100.0,0.0,0.0,0.0,0.0,6986.0,0.71,65617.0,8388607.0,60397.0,87.0,1,1.17,-0.00,1.54,0.00,1.78,0.00,1.91,-0.00,7.35,8.96,9.29,9.35,9.35,0.00,0.00,-0.00,-0.00,-0.00,0.61,0.0020,0.0020,0.00,0,0,0,0,25.07,26.98,29.22,25.23,799.0,110.00,253,13.268,1.85174,1.602250,0,38932,4.08,3.34,5.05,0,0,0.940000,0.020000,0.030000,0.040000,,,,,,,32420.000000,16344.000000
0:01:09,1779211449,2026-05-19T17:24:09,2026-05-19T11:24:09,1779211449,1.993,1.993,1.283,1.993,1.993,1.283,221.35,097,25.68,798.80,15.95,0.9289,1961.5,3,37.290325,-107.882706,1997.3,8,0.047000,1.2,   753,,,,   342,,,,  -564,,,,   901,,,,  -420,,,,  -210,,,,0.0,100.0,0.0,0.0,0.0,0.0,6985.6,0.45,65615.0,8388607.0,60403.0,55.0,1,1.15,0.00,1.51,0.00,1.75,0.00,1.87,-0.00,7.25,8.83,9.15,9.21,9.21,0.00,-0.00,-0.00,0.00,0.00,0.60,0.0021,0.0021,-0.00,0,0,0,0,25.09,27.01,29.28,25.00,798.9,110.00,253,13.268,1.85174,1.602250,0,38931,4.08,3.34,5.05,0,0,0.950000,0.020000,0.030000,0.040000,,,,,,,32408.000000,16345.000000
0:01:10,1779211450,2026-05-19T17:24:10,2026-05-19T11:24:10,1779211450,1.995,1.995,1.316,1.995,1.995,1.316,220.35,097,25.68,798.80,16.08,0.9289,1961.5,3,37.290321,-107.882706,1997.2,8,0.039000,1.2,   752,,,,   341,,,,  -565,,,,   446,,,,    70,,,,   245,,,,0.0,100.0,0.0,0.0,0.0,0.0,6973.0,0.62,65482.0,8388607.0,60230.0,76.0,1,1.15,0.00,1.51,0.00,1.75,-0.00,1.87,-0.00,7.24,8.82,9.15,9.21,9.21,-0.00,-0.00,-0.00,-0.00,-0.00,0.60,0.0021,0.0021,0.00,0,0,0,0,25.12,27.05,29.33,25.14,799.0,110.00,253,13.268,1.85327,1.602750,0,38931,4.08,3.34,5.05,0,0,0.940000,0.020000,0.030000,0.040000,,,,,,,32445.000000,16338.000000
0:01:11,1779211451,2026-05-19T17:24:11,2026-05-19T11:24:11,1779211451,1.998,1.998,1.349,1.998,1.998,1.349,219.25,097,25.68,798.80,16.11,0.9289,1961.5,3,37.290321,-107.882706,1997.1,8,0.079000,1.2,   755,,,,   338,,,,  -566,,,,   621,,,,  -367,,,,   140,,,,0.0,100.0,0.0,0.0,0.0,0.0,6950.2,0.65,65266.0,8388607.0,60051.0,81.0,1,1.14,0.00,1.49,-0.00,1.73,-0.00,1.85,0.00,7.17,8.73,9.05,9.11,9.11,0.00,-0.00,0.00,-0.00,-0.00,0.60,0.0022,0.0022,0.00,0,0,0,0,25.14,27.09,29.35,25.25,799.0,110.00,253,13.269,1.85594,1.603625,0,38930,4.08,3.34,5.05,0,0,0.940000,0.020000,0.030000,0.040000,,,,331.000000,23.105000,24.934999,32442.000000,16314.000000
0:01:12,1779211452,2026-05-19T17:24:12,2026-05-19T11:24:12,1779211452,1.989,1.989,1.382,1.989,1.989,1.382,222.95,097,26.31,798.80,16.08,0.9289,1961.5,3,37.290318,-107.882706,1997.1,8,0.085000,1.2,,1399.1,   752,   908,,8754.1,   -60,   342,,4336.8,  -685,  -309,,65376348.0, -3570, 45053,,61572684.0,-31010, 22207,,115340200.0,-39847, 43085,0.0,100.0,0.0,0.0,0.0,0.0,6956.7,0.57,65318.0,8388607.0,60050.0,70.0,1,1.12,-0.00,1.47,0.00,1.70,0.00,1.82,0.00,7.07,8.61,8.93,8.98,8.98,-0.00,0.00,-0.00,0.00,0.00,0.61,0.0022,0.0022,0.00,0,0,0,0,25.16,27.13,29.41,25.23,799.0,110.24,252,13.269,1.84793,1.601000,0,38929,4.08,3.34,5.05,0,0,0.950000,0.020000,0.030000,0.040000,1,0.000000,30.000000,,,,32427.000000,16317.000000
0:01:13,1779211453,2026-05-19T17:24:13,2026-05-19T11:24:13,1779211453,2.009,2.009,1.416,2.009,2.009,1.416,222.25,097,26.31,798.80,15.98,0.9269,1961.5,3,37.290318,-107.882706,1997.1,8,0.108000,1.2,   754,,,,   338,,,,  -566,,,,   385,,,,   280,,,,   192,,,,0.0,100.0,0.0,0.0,0.0,0.0,6942.9,0.77,65178.0,8388607.0,59890.0,96.0,1,1.12,-0.00,1.48,-0.00,1.72,0.00,1.85,0.00,7.00,8.55,8.88,8.94,8.94,0.00,0.00,-0.00,-0.00,-0.00,0.61,0.0023,0.0023,-0.00,0,0,0,0,25.19,27.16,29.42,25.27,798.9,110.24,253,13.292,1.86169,1.605500,0,38929,4.08,3.34,5.05,0,0,0.950000,0.020000,0.030000,0.060000,,,,,,,32425.000000,16304.000000
0:01:14,1779211454,2026-05-19T17:24:14,2026-05-19T11:24:14,1779211454,2.000,2.000,1.449,2.000,2.000,1.449,220.50,097,26.31,798.79,15.96,0.9269,1961.5,3,37.290318,-107.882706,1997.2,8,0.032000,1.2,   755,,,,   338,,,,  -568,,,,   761,,,,  -385,,,,   280,,,,0.0,100.0,0.0,0.0,0.0,0.0,6931.7,0.81,65063.0,8388607.0,59752.0,100.0,1,1.12,-0.00,1.48,-0.00,1.73,0.00,1.85,-0.00,7.01,8.57,8.90,8.96,8.96,0.00,0.00,0.00,-0.00,-0.00,0.61,0.0023,0.0023,-0.00,0,0,0,0,25.21,27.20,29.46,25.49,799.0,110.24,253,13.269,1.85403,1.603000,0,38928,4.08,3.34,5.05,0,0,0.950000,0.020000,0.030000,0.040000,,,,,,,32427.000000,16294.000000
0:01:15,1779211455,2026-05-19T17:24:15,2026-05-19T11:24:15,1779211455,1.997,1.997,1.483,1.997,1.997,1.483,222.20,097,26.31,798.79,15.85,0.9269,1961.5,3,37.290318,-107.882706,1997.3,8,0.023000,1.2,   752,,,,   340,,,,  -568,,,,   717,,,,  -227,,,,  -140,,,,0.0,100.0,0.0,0.0,0.0,0.0,6944.0,0.98,65174.0,8388607.0,59815.0,121.0,1,1.14,-0.00,1.50,0.00,1.75,0.00,1.88,0.00,7.11,8.69,9.02,9.08,9.08,-0.00,-0.00,0.00,0.00,0.00,0.61,0.0024,0.0024,0.00,0,0,0,0,25.24,27.24,29.46,25.23,798.9,110.24,253,13.270,1.85098,1.602000,0,38928,4.08,3.34,5.05,0,0,0.940000,0.020000,0.030000,0.040000,,,,,,,32448.000000,16294.000000
0:01:16,1779211456,2026-05-19T17:24:16,2026-05-19T11:24:16,1779211456,2.003,2.003,1.516,2.003,2.003,1.516,222.60,096,26.31,798.79,15.67,0.9269,1961.5,3,37.290318,-107.882706,1997.6,8,0.032000,1.2,   752,,,,   338,,,,  -569,,,,   910,,,,    52,,,,    61,,,,0.0,100.0,0.0,0.0,0.0,0.0,6942.0,0.70,65149.0,8388607.0,59766.0,86.0,1,1.14,0.00,1.51,0.00,1.76,-0.00,1.89,-0.00,7.15,8.74,9.08,9.14,9.14,-0.00,-0.00,-0.00,-0.00,-0.00,0.61,0.0024,0.0024,0.00,0,0,0,0,25.26,27.26,29.50,25.41,798.9,110.24,253,13.270,1.85633,1.603750,0,38927,4.07,3.34,5.05,0,0,0.940000,0.020000,0.030000,0.040000,,,,332.000000,23.174999,24.747999,32454.000000,16297.000000
0:01:17,1779211457,2026-05-19T17:24:17,2026-05-19T11:24:17,1779211457,1.997,1.997,1.549,1.997,1.997,1.549,221.90,096,26.31,798.79,15.53,0.9269,1961.5,3,37.290314,-107.882706,1997.6,8,0.092000,1.2,   753,,,,   339,,,,  -567,,,,   183,,,,   210,,,,   385,,,,0.0,100.0,0.0,0.0,0.0,0.0,6970.5,0.49,65445.0,8388607.0,60134.0,61.0,1,1.16,0.00,1.54,0.00,1.79,0.00,1.92,0.00,7.27,8.89,9.23,9.29,9.29,0.00,-0.00,0.00,-0.00,-0.00,0.61,0.0025,0.0025,-0.00,0,0,0,0,25.29,27.30,29.52,25.50,798.9,110.24,253,13.270,1.85136,1.602125,0,38926,4.07,3.34,5.05,0,0,0.920000,0.010000,0.030000,0.040000,,,,,,,32481.000000,16282.000000
0:01:18,1779211458,2026-05-19T17:24:18,2026-05-19T11:24:18,1779211458,2.002,2.002,1.583,2.002,2.002,1.583,220.40,097,26.31,798.79,15.48,0.9269,1961.5,3,37.290314,-107.882706,1997.7,8,0.089000,1.2,   753,,,,   339,,,,  -568,,,,   463,,,,   -26,,,,    78,,,,0.0,100.0,0.0,0.0,0.0,0.0,7003.2,1.03,65767.0,8388607.0,60453.0,128.0,1,1.17,0.00,1.55,-0.00,1.82,-0.00,1.95,0.00,7.32,8.96,9.30,9.37,9.37,-0.00,0.00,-0.00,0.00,0.00,0.62,0.0025,0.0025,-0.00,0,0,0,0,25.31,27.34,29.58,25.31,799.0,110.24,253,13.271,1.85594,1.603625,0,38926,4.08,3.34,5.05,0,0,0.910000,0.010000,0.040000,0.040000,,,,,,,32472.000000,16278.000000
0:01:19,1779211459,2026-05-19T17:24:19,2026-05-19T11:24:19,1779211459,2.000,2.000,1.616,2.000,2.000,1.616,221.60,097,26.31,798.79,15.43,0.9269,1961.5,3,37.290310,-107.882706,1997.9,8,0.136000,1.2,   752,,,,   337,,,,  -569,,,,   936,,,,  -297,,,,    78,,,,0.0,100.0,0.0,0.0,0.0,0.0,7003.1,0.92,65780.0,8388607.0,60534.0,115.0,1,1.17,-0.00,1.55,0.00,1.81,0.00,1.94,-0.00,7.30,8.93,9.27,9.34,9.34,0.00,0.00,-0.00,0.00,0.00,0.62,0.0026,0.0026,-0.00,0,0,0,0,25.34,27.37,29.58,25.50,799.0,110.24,253,13.272,1.85403,1.603000,0,38925,4.08,3.34,5.05,0,0,0.910000,0.010000,0.040000,0.040000,,,,,,,32494.000000,16270.000000
0:01:20,1779211460,2026-05-19T17:24:20,2026-05-19T11:24:20,1779211460,1.999,1.999,1.649,1.999,1.999,1.649,219.40,097,26.31,798.79,15.87,0.9269,1961.5,3,37.290306,-107.882706,1997.9,8,0.130000,1.2,   752,,,,   337,,,,  -572,,,,   262,,,,   446,,,,   227,,,,0.0,100.0,0.0,0.0,0.0,0.0,7051.7,0.94,66261.0,8388607.0,61026.0,117.0,1,1.15,0.00,1.53,-0.00,1.79,0.00,1.91,0.00,7.20,8.81,9.15,9.22,9.22,0.00,0.00,-0.00,-0.00,-0.00,0.62,0.0026,0.0026,-0.00,0,0,0,0,25.36,27.40,29.66,25.57,799.0,110.24,253,13.272,1.85251,1.602500,0,38925,4.08,3.34,5.05,0,0,0.910000,0.010000,0.040000,0.040000,,,,,,,32476.000000,16266.000000
0:01:21,1779211461,2026-05-19T17:24:21,2026-05-19T11:24:21,1779211461,2.000,2.000,1.683,2.000,2.000,1.683,221.15,097,26.31,798.79,16.24,0.9268,1961.5,3,37.290306,-107.882706,1998.2,8,0.016000,1.2,   750,,,,   338,,,,  -573,,,,   691,,,,  -227,,,,    70,,,,0.0,100.0,0.0,0.0,0.0,0.0,7044.1,0.92,66139.0,8388607.0,60680.0,115.0,1,1.13,0.00,1.50,-0.00,1.75,0.00,1.88,0.00,7.06,8.63,8.97,9.03,9.03,-0.00,-0.00,-0.00,0.00,0.00,0.62,0.0027,0.0027,-0.00,0,0,0,0,25.38,27.47,29.64,25.48,799.0,110.24,253,13.272,1.85365,1.602875,0,38924,4.07,3.34,5.05,0,0,0.910000,0.020000,0.040000,0.040000,,,,332.000000,23.233000,24.566000,32458.000000,16250.000000
0:01:22,1779211462,2026-05-19T17:24:22,2026-05-19T11:24:22,1779211462,2.002,2.002,1.716,2.002,2.002,1.716,219.85,097,26.31,798.79,15.93,0.9269,1961.5,3,37.290306,-107.882706,1998.4,8,0.019000,1.2,   750,,,,   337,,,,  -574,,,,   752,,,,  -122,,,,   350,,,,0.0,100.0,0.0,0.0,0.0,0.0,6980.0,0.75,65475.0,8388607.0,59864.0,93.0,1,1.13,-0.00,1.50,0.00,1.75,-0.00,1.88,0.00,7.05,8.63,8.97,9.03,9.03,-0.00,0.00,0.00,0.00,0.00,0.62,0.0027,0.0027,-0.00,0,0,0,0,25.41,27.50,29.70,25.40,799.0,110.24,253,13.272,1.85556,1.603500,0,38923,4.08,3.34,5.05,0,0,0.920000,0.010000,0.040000,0.040000,,,,,,,32475.000000,16231.000000
0:01:23,1779211463,2026-05-19T17:24:23,2026-05-19T11:24:23,1779211463,2.005,2.005,1.749,2.005,2.005,1.749,221.55,097,26.31,798.79,15.58,0.9269,1961.5,3,37.290306,-107.882706,1998.4,8,0.039000,1.2,   750,,,,   336,,,,  -572,,,,   612,,,,   -87,,,,  -131,,,,0.0,100.0,0.0,0.0,0.0,0.0,6971.9,0.75,65368.0,8388607.0,59625.0,93.0,1,1.12,0.00,1.48,0.00,1.73,-0.00,1.86,0.00,6.98,8.55,8.88,8.94,8.94,0.00,0.00,-0.00,-0.00,-0.00,0.62,0.0028,0.0028,-0.00,0,0,0,0,25.43,27.53,29.70,25.43,799.0,110.24,253,13.272,1.85824,1.604375,0,38923,4.08,3.34,5.05,0,0,0.910000,0.010000,0.040000,0.040000,,,,,,,32474.000000,16226.000000
0:01:24,1779211464,2026-05-19T17:24:24,2026-05-19T11:24:24,1779211464,2.001,2.001,1.783,2.001,2.001,1.783,222.45,097,26.31,798.79,15.77,0.9269,1961.5,3,37.290306,-107.882706,1998.6,8,0.049000,1.2,   748,,,,   340,,,,  -574,,,,   612,,,,  -227,,,,   -17,,,,0.0,100.0,0.0,0.0,0.0,0.0,6979.7,0.68,65434.0,8388607.0,59641.0,83.0,1,1.12,-0.00,1.49,0.00,1.73,-0.00,1.86,-0.00,7.02,8.58,8.91,8.97,8.97,0.00,0.00,-0.00,0.00,0.00,0.62,0.0028,0.0028,-0.00,0,0,0,0,25.46,27.58,29.72,25.53,799.0,110.24,253,13.272,1.85441,1.603125,0,38922,4.08,3.34,5.05,0,0,0.910000,0.010000,0.040000,0.040000,,,,,,,32453.000000,16233.000000
0:01:25,1779211465,2026-05-19T17:24:25,2026-05-19T11:24:25,1779211465,1.999,1.999,1.816,1.999,1.999,1.816,222.10,097,26.31,798.79,15.96,0.9269,1961.6,3,37.290306,-107.882706,1998.7,8,0.072000,1.2,   747,,,,   341,,,,  -574,,,,   621,,,,    17,,,,    78,,,,0.0,100.0,0.0,0.0,0.0,0.0,6978.1,0.59,65409.0,8388607.0,59572.0,73.0,1,1.13,-0.00,1.50,0.00,1.76,-0.00,1.89,-0.00,7.02,8.60,8.94,9.01,9.01,0.00,0.00,0.00,-0.00,-0.00,0.62,0.0029,0.0029,-0.00,0,0,0,0,25.48,27.61,29.82,25.65,798.9,110.24,253,13.273,1.85251,1.602500,0,38922,4.08,3.34,5.05,0,0,0.910000,0.010000,0.040000,0.040000,,,,,,,32479.000000,16216.000000
0:01:26,1779211466,2026-05-19T17:24:26,2026-05-19T11:24:26,1779211466,2.000,2.000,1.849,2.000,2.000,1.849,223.00,097,26.31,798.79,15.97,0.9269,1961.6,3,37.290306,-107.882706,1998.9,8,0.104000,1.2,   746,,,,   342,,,,  -575,,,,   490,,,,    35,,,,   201,,,,0.0,100.0,0.0,0.0,0.0,0.0,6983.3,0.58,65453.0,8388607.0,59584.0,72.0,1,1.13,0.00,1.51,-0.00,1.77,-0.00,1.90,-0.00,7.03,8.63,8.98,9.04,9.04,0.00,0.00,0.00,0.00,0.00,0.62,0.0029,0.0029,0.00,0,0,0,0,25.51,27.63,29.81,25.67,799.0,110.24,253,13.273,1.85327,1.602750,0,38921,4.07,3.34,5.05,0,0,0.910000,0.020000,0.040000,0.040000,,,,332.000000,23.273001,24.493999,32482.000000,16212.000000
0:01:27,1779211467,2026-05-19T17:24:27,2026-05-19T11:24:27,1779211467,2.002,2.002,1.883,2.002,2.002,1.883,219.05,097,26.31,798.79,15.85,0.9269,1961.6,3,37.290302,-107.882706,1999.2,8,0.111000,1.2,   744,,,,   344,,,,  -575,,,,   437,,,,  -533,,,,    17,,,,0.0,100.0,0.0,0.0,0.0,0.0,6992.7,0.70,65541.0,8388607.0,59650.0,86.0,1,1.14,0.00,1.52,-0.00,1.79,0.00,1.92,0.00,7.05,8.66,9.01,9.08,9.08,0.00,0.00,-0.00,-0.00,-0.00,0.63,0.0030,0.0030,-0.00,0,0,0,0,25.53,27.67,29.82,25.75,798.9,110.24,253,13.273,1.85518,1.603375,0,38920,4.08,3.34,5.05,0,0,1.000000,0.020000,0.030000,0.130000,,,,,,,32462.000000,16205.000000
0:01:28,1779211468,2026-05-19T17:24:28,2026-05-19T11:24:28,1779211468,2.007,2.007,1.916,2.007,2.007,1.916,220.00,097,26.31,798.79,15.67,0.9269,1961.6,3,37.290302,-107.882706,1999.2,8,0.117000,1.2,   746,,,,   343,,,,  -575,,,,   350,,,,   306,,,,   315,,,,0.0,100.0,0.0,0.0,0.0,0.0,6985.3,0.64,65465.0,8388607.0,59558.0,79.0,1,1.15,0.00,1.54,-0.00,1.81,-0.00,1.94,-0.00,7.11,8.74,9.09,9.16,9.16,-0.00,-0.00,-0.00,0.00,0.00,0.63,0.0030,0.0030,0.00,0,0,0,0,25.55,27.70,29.83,25.66,799.0,110.24,253,13.274,1.86016,1.605000,0,38920,4.08,3.34,5.05,0,0,0.870000,0.020000,0.030000,0.040000,,,,,,,32490.000000,16206.000000
0:01:29,1779211469,2026-05-19T17:24:29,2026-05-19T11:24:29,1779211469,2.005,2.005,1.950,2.005,2.005,1.950,220.30,097,26.31,798.79,15.55,0.9269,1961.6,3,37.290302,-107.882706,1999.2,8,0.061000,1.2,   748,,,,   343,,,,  -574,,,,   131,,,,   910,,,,   113,,,,0.0,100.0,0.0,0.0,0.0,0.0,6980.0,0.89,65419.0,8388607.0,59544.0,111.0,1,1.15,0.00,1.54,0.00,1.81,-0.00,1.94,-0.00,7.14,8.76,9.12,9.19,9.19,0.00,-0.00,0.00,-0.00,-0.00,0.63,0.0031,0.0031,0.00,0,0,0,0,25.58,27.73,29.83,25.67,799.0,110.24,253,13.273,1.85862,1.604500,0,38919,4.08,3.34,5.05,0,0,0.920000,0.020000,0.040000,0.040000,,,,,,,32498.000000,16193.000000
0:01:30,1779211470,2026-05-19T17:24:30,2026-05-19T11:24:30,1779211470,2.001,2.001,1.983,2.001,2.001,1.983,224.80,097,26.31,798.79,15.43,0.9269,1961.6,3,37.290302,-107.882706,1999.2,8,0.028000,1.2,   742,,,,   350,,,,  -574,,,,   157,,,,  -131,,,,   262,,,,0.0,100.0,0.0,0.0,0.0,0.0,6980.5,0.73,65420.0,8388607.0,59526.0,91.0,1,1.15,0.00,1.54,-0.00,1.81,0.00,1.94,0.00,7.17,8.79,9.15,9.21,9.21,-0.00,-0.00,0.00,0.00,0.00,0.62,0.0032,0.0032,-0.00,0,0,0,0,25.60,27.75,29.91,25.51,798.9,110.24,253,13.274,1.85518,1.603375,0,38919,4.08,3.34,5.05,0,0,0.910000,0.020000,0.030000,0.040000,,,,332.000000,23.330000,24.382999,32484.000000,16208.000000
0:01:31,1779211471,2026-05-19T17:24:31,2026-05-19T11:24:31,1779211471,2.002,2.002,2.016,2.002,2.002,2.016,223.40,097,26.31,798.78,15.10,0.9270,1961.6,3,37.290302,-107.882706,1999.6,8,0.011000,1.2,   747,,,,   345,,,,  -572,,,,   840,,,,  -840,,,,   183,,,,0.0,100.0,0.0,0.0,0.0,0.0,6946.3,0.80,65119.0,8388607.0,59393.0,99.0,1,1.14,-0.00,1.53,-0.00,1.79,-0.00,1.92,0.00,7.11,8.72,9.08,9.14,9.14,0.00,0.00,0.00,-0.00,-0.00,0.62,0.0032,0.0032,-0.00,0,0,0,0,25.63,27.79,29.94,25.64,798.9,110.24,253,13.275,1.85556,1.603500,0,38918,4.08,3.34,5.05,0,0,0.920000,0.010000,0.030000,0.040000,,,,,,,32514.000000,16182.000000
0:01:32,1779211472,2026-05-19T17:24:32,2026-05-19T11:24:32,1779211472,2.006,2.006,2.050,2.006,2.006,2.050,220.70,097,26.31,798.78,14.87,0.9270,1961.6,3,37.290298,-107.882706,1999.5,8,0.111000,1.2,   746,,,,   345,,,,  -575,,,,   647,,,,  -122,,,,   -70,,,,0.0,100.0,0.0,0.0,0.0,0.0,6971.0,0.86,65357.0,8388607.0,59606.0,106.0,1,1.13,0.00,1.50,-0.00,1.76,-0.00,1.89,0.00,7.00,8.58,8.93,8.99,8.99,0.00,-0.00,-0.00,-0.00,-0.00,0.62,0.0033,0.0033,-0.00,0,0,0,0,25.65,27.80,29.94,25.63,798.9,110.24,253,13.274,1.85939,1.604750,0,38917,4.08,3.34,5.05,0,0,0.910000,0.020000,0.040000,0.040000,,,,,,,32539.000000,16199.000000
0:01:33,1779211473,2026-05-19T17:24:33,2026-05-19T11:24:33,1779211473,2.000,2.000,2.083,2.000,2.000,2.083,222.75,097,26.31,798.78,14.66,0.9270,1961.6,3,37.290298,-107.882706,1999.4,8,0.067000,1.2,   746,,,,   344,,,,  -574,,,,   280,,,,   411,,,,   402,,,,0.0,100.0,0.0,0.0,0.0,0.0,6970.8,0.82,65355.0,8388607.0,59607.0,102.0,1,1.11,0.00,1.49,0.00,1.75,-0.00,1.88,0.00,6.90,8.47,8.81,8.88,8.88,0.00,0.00,-0.00,-0.00,-0.00,0.63,0.0033,0.0033,0.00,0,0,0,0,25.67,27.85,29.96,25.80,798.9,110.24,253,13.275,1.85441,1.603125,0,38917,4.08,3.34,5.05,0,0,0.910000,0.010000,0.030000,0.040000,,,,,,,32547.000000,16188.000000
0:01:34,1779211474,2026-05-19T17:24:34,2026-05-19T11:24:34,1779211474,2.002,2.002,2.116,2.002,2.002,2.116,222.25,097,26.31,798.78,14.56,0.9271,1961.6,3,37.290295,-107.882706,1999.3,8,0.049000,1.2,   746,,,,   343,,,,  -574,,,,   411,,,,   245,,,,   455,,,,0.0,100.0,0.0,0.0,0.0,0.0,6964.6,0.68,65299.0,8388607.0,59572.0,84.0,1,1.09,-0.00,1.46,-0.00,1.71,0.00,1.84,0.00,6.76,8.30,8.63,8.70,8.70,-0.00,0.00,0.00,-0.00,-0.00,0.63,0.0034,0.0034,0.00,0,0,0,0,25.70,27.88,29.98,25.93,799.0,110.24,253,13.274,1.85556,1.603500,0,38916,4.08,3.34,5.05,0,0,0.910000,0.010000,0.040000,0.040000,,,,,,,32582.000000,16175.000000
0:01:35,1779211475,2026-05-19T17:24:35,2026-05-19T11:24:35,1779211475,2.004,2.004,2.150,2.004,2.004,2.150,220.10,097,26.31,798.78,14.52,0.9271,1961.6,3,37.290295,-107.882713,1999.2,8,0.059000,1.2,   744,,,,   343,,,,  -576,,,,   498,,,,   638,,,,   997,,,,0.0,100.0,0.0,0.0,0.0,0.0,6981.1,0.45,65463.0,8388607.0,59743.0,55.0,1,1.07,-0.00,1.43,-0.00,1.68,0.00,1.80,0.00,6.66,8.17,8.50,8.56,8.56,-0.00,-0.00,-0.00,-0.00,-0.00,0.62,0.0034,0.0034,-0.00,0,0,0,0,25.72,27.90,30.02,25.97,798.9,110.24,253,13.275,1.85786,1.604250,0,38916,4.07,3.34,5.05,0,0,0.910000,0.020000,0.040000,0.040000,,,,332.000000,23.403999,24.191999,32562.000000,16166.000000
0:01:36,1779211476,2026-05-19T17:24:36,2026-05-19T11:24:36,1779211476,2.002,2.002,2.183,2.002,2.002,2.183,220.65,097,26.31,798.78,14.55,0.9271,1961.6,3,37.290295,-107.882713,1998.9,8,0.059000,1.2,   738,,,,   348,,,,  -585,,,,     8,,,,  -350,,,,  -428,,,,0.0,100.0,0.0,0.0,0.0,0.0,7008.3,0.77,65731.0,8388607.0,60013.0,95.0,1,1.06,-0.00,1.43,-0.00,1.68,0.00,1.81,-0.00,6.60,8.12,8.45,8.51,8.51,-0.00,0.00,-0.00,0.00,0.00,0.63,0.0034,0.0034,0.00,0,0,0,0,25.74,27.93,30.05,25.82,799.0,110.24,253,13.275,1.85633,1.603750,0,38915,4.07,3.34,5.05,0,0,0.920000,0.010000,0.030000,0.040000,,,,,,,32586.000000,16174.000000
0:01:37,1779211477,2026-05-19T17:24:37,2026-05-19T11:24:37,1779211477,2.010,2.010,2.217,2.010,2.010,2.217,218.40,097,26.31,798.78,14.32,0.9271,1961.7,3,37.290291,-107.882713,1998.8,8,0.013000,1.2,   752,,,,   338,,,,  -575,,,,  1216,,,,  -778,,,,   735,,,,0.0,100.0,0.0,0.0,0.0,0.0,7067.5,0.62,66281.0,8388607.0,60408.0,77.0,1,1.05,-0.00,1.41,0.00,1.66,0.00,1.78,-0.00,6.51,8.00,8.33,8.39,8.39,0.00,-0.00,-0.00,0.00,0.00,0.63,0.0035,0.0035,0.00,0,0,0,0,25.77,27.97,30.10,25.97,799.0,110.24,253,13.275,1.86323,1.606000,0,38914,4.08,3.34,5.05,0,0,0.910000,0.020000,0.040000,0.040000,,,,,,,32614.000000,16163.000000
0:01:38,1779211478,2026-05-19T17:24:38,2026-05-19T11:24:38,1779211478,2.011,2.011,2.250,2.011,2.011,2.250,220.25,097,26.31,798.78,14.52,0.9271,1961.7,3,37.290291,-107.882713,1999.0,8,0.066000,1.2,   738,,,,   355,,,,  -555,,,,  -595,,,,  1802,,,, -2397,,,,0.0,100.0,0.0,0.0,0.0,0.0,7096.1,0.57,66540.0,8388607.0,60561.0,70.0,1,1.03,0.00,1.38,0.00,1.63,-0.00,1.75,-0.00,6.41,7.87,8.19,8.25,8.25,-0.00,0.00,0.00,0.00,0.00,0.62,0.0035,0.0035,0.00,0,0,0,0,25.79,28.00,30.14,25.91,799.0,110.24,255,13.278,1.86438,1.606375,0,38914,4.08,3.34,5.05,0,0,0.910000,0.010000,0.030000,0.040000,,,,,,,32588.000000,16165.000000
0:01:39,1779211479,2026-05-19T17:24:39,2026-05-19T11:24:39,1779211479,1.995,1.995,2.283,1.995,1.995,2.283,218.60,097,26.31,798.78,14.45,0.9271,1961.7,3,37.290291,-107.882713,1999.0,8,0.011000,1.2,   732,,,,   354,,,,  -587,,,,   735,,,,  -542,,,,  -201,,,,0.0,100.0,0.0,0.0,0.0,0.0,7168.0,0.86,67206.0,8388607.0,61030.0,107.0,1,1.03,0.00,1.38,-0.00,1.62,0.00,1.74,-0.00,6.37,7.82,8.14,8.20,8.20,0.00,-0.00,-0.00,0.00,0.00,0.62,0.0036,0.0036,0.00,0,0,0,0,25.81,28.03,30.12,26.09,799.0,110.24,255,13.231,1.84945,1.601500,0,38913,4.08,3.34,5.05,0,0,0.920000,0.020000,0.030000,0.050000,,,,,,,32573.000000,16163.000000
0:01:40,1779211480,2026-05-19T17:24:40,2026-05-19T11:24:40,1779211480,1.994,1.994,2.317,1.994,1.994,2.317,221.80,096,26.31,798.77,14.43,0.9271,1961.7,3,37.290291,-107.882713,1999.1,9,0.055000,1.1,   730,,,,   354,,,,  -592,,,,  -280,,,,  -875,,,,    52,,,,0.0,100.0,0.0,0.0,0.0,0.0,7206.1,1.10,67563.0,8388607.0,61298.0,137.0,1,1.04,0.00,1.40,-0.00,1.66,-0.00,1.78,0.00,6.44,7.93,8.26,8.33,8.33,0.00,-0.00,-0.00,0.00,0.00,0.63,0.0036,0.0036,-0.00,0,0,0,0,25.84,28.06,30.14,25.98,799.0,110.24,255,13.233,1.84831,1.601125,0,38912,4.07,3.34,5.05,0,0,0.910000,0.020000,0.030000,0.040000,,,,333.000000,23.476000,24.070000,32593.000000,16155.000000
0:01:41,1779211481,2026-05-19T17:24:41,2026-05-19T11:24:41,1779211481,2.000,2.000,2.350,2.000,2.000,2.350,220.85,097,26.31,798.77,14.37,0.9271,1961.7,3,37.290287,-107.882713,1999.0,9,0.152000,1.1,   731,,,,   353,,,,  -588,,,,   840,,,,  -726,,,,   166,,,,0.0,100.0,0.0,0.0,0.0,0.0,7201.7,0.72,67524.0,8388607.0,61280.0,89.0,1,1.05,-0.00,1.41,0.00,1.67,-0.00,1.79,0.00,6.50,7.99,8.33,8.39,8.39,0.00,0.00,-0.00,0.00,0.00,0.63,0.0037,0.0037,-0.00,0,0,0,0,25.86,28.08,30.17,25.71,798.9,110.24,255,13.233,1.85403,1.603000,0,38912,4.08,3.34,5.05,0,0,0.920000,0.020000,0.030000,0.040000,,,,,,,32620.000000,16159.000000
0:01:42,1779211482,2026-05-19T17:24:42,2026-05-19T11:24:42,1779211482,1.995,1.995,2.383,1.995,1.995,2.383,222.65,097,27.13,798.77,14.35,0.9271,1961.7,3,37.290287,-107.882713,1999.2,9,0.088000,1.1,,51.2,   730,   755,,32.9,   336,   355,,56.2,  -592,  -555,,133601.1,  -595,  1216,,300082.1,  -875,  1802,,283039.1, -2397,   997,0.0,100.0,0.0,0.0,0.0,0.0,7206.4,0.76,67568.0,8388607.0,61314.0,94.0,1,1.05,0.00,1.42,0.00,1.67,-0.00,1.80,0.00,6.51,8.01,8.35,8.41,8.41,-0.00,-0.00,-0.00,-0.00,-0.00,0.63,0.0037,0.0037,-0.00,0,0,0,0,25.88,28.10,30.16,25.93,799.0,110.56,255,13.234,1.84984,1.601625,0,38911,4.08,3.34,5.05,0,0,0.880000,0.020000,0.030000,0.040000,1,0.000000,30.000000,,,,32615.000000,16158.000000
0:01:43,1779211483,2026-05-19T17:24:43,2026-05-19T11:24:43,1779211483,2.001,2.001,2.417,2.001,2.001,2.417,222.40,097,27.13,798.77,14.48,0.9244,1961.7,3,37.290283,-107.882721,1999.1,9,0.201000,1.1,   729,,,,   354,,,,  -589,,,,   210,,,,   157,,,,    78,,,,0.0,100.0,0.0,0.0,0.0,0.0,7222.5,1.06,67717.0,8388607.0,61419.0,132.0,1,1.06,0.00,1.43,-0.00,1.68,-0.00,1.80,-0.00,6.58,8.09,8.42,8.49,8.49,0.00,-0.00,-0.00,0.00,0.00,0.63,0.0038,0.0038,0.00,0,0,0,0,25.91,28.12,30.23,26.02,798.9,110.56,255,13.234,1.85022,1.601750,0,38911,4.08,3.34,5.05,0,0,0.920000,0.020000,0.050000,0.060000,,,,,,,32631.000000,16139.000000
0:01:44,1779211484,2026-05-19T17:24:44,2026-05-19T11:24:44,1779211484,1.998,1.998,2.450,1.998,1.998,2.450,222.05,096,27.13,798.77,14.55,0.9244,1961.7,3,37.290287,-107.882721,1999.3,9,0.067000,1.1,   729,,,,   355,,,,  -589,,,,   428,,,,  -402,,,,   192,,,,0.0,100.0,0.0,0.0,0.0,0.0,7215.9,0.71,67655.0,8388607.0,61371.0,88.0,1,1.08,0.00,1.45,0.00,1.71,0.00,1.84,-0.00,6.72,8.26,8.59,8.66,8.66,-0.00,0.00,-0.00,0.00,0.00,0.63,0.0038,0.0038,0.00,0,0,0,0,25.93,28.16,30.22,26.31,799.0,110.56,255,13.234,1.84717,1.600750,0,38910,4.07,3.34,5.05,0,0,0.880000,0.020000,0.030000,0.040000,,,,,,,32589.000000,16147.000000
0:01:45,1779211485,2026-05-19T17:24:45,2026-05-19T11:24:45,1779211485,2.002,2.002,2.483,2.002,2.002,2.483,222.05,096,27.13,798.77,14.91,0.9244,1961.7,3,37.290287,-107.882713,1999.4,9,0.125000,1.1,   729,,,,   353,,,,  -589,,,,   428,,,,   -52,,,,    96,,,,0.0,100.0,0.0,0.0,0.0,0.0,7213.9,0.95,67636.0,8388607.0,61353.0,118.0,1,1.10,-0.00,1.47,-0.00,1.73,0.00,1.86,0.00,6.80,8.35,8.69,8.76,8.76,-0.00,-0.00,-0.00,0.00,0.00,0.63,0.0039,0.0039,0.00,0,0,0,0,25.95,28.19,30.24,25.91,799.0,110.56,255,13.234,1.85098,1.602000,0,38909,4.07,3.34,5.05,0,0,0.880000,0.020000,0.030000,0.040000,,,,332.000000,23.532000,23.725000,32589.000000,16115.000000
0:01:46,1779211486,2026-05-19T17:24:46,2026-05-19T11:24:46,1779211486,2.003,2.003,2.517,2.003,2.003,2.517,220.10,097,27.13,798.77,14.99,0.9243,1961.8,3,37.290287,-107.882713,1999.4,9,0.185000,1.1,   729,,,,   352,,,,  -591,,,,   708,,,,   -43,,,,   -52,,,,0.0,100.0,0.0,0.0,0.0,0.0,7217.6,0.98,67669.0,8388607.0,61369.0,121.0,1,1.10,-0.00,1.47,0.00,1.73,-0.00,1.86,-0.00,6.79,8.35,8.69,8.75,8.75,0.00,-0.00,0.00,0.00,0.00,0.63,0.0039,0.0039,0.00,0,0,0,0,25.97,28.23,30.29,25.97,799.0,110.56,255,13.233,1.85174,1.602250,0,38909,4.08,3.34,5.05,0,0,0.890000,0.020000,0.030000,0.040000,,,,,,,32605.000000,16096.000000
0:01:47,1779211487,2026-05-19T17:24:47,2026-05-19T11:24:47,1779211487,2.001,2.001,2.550,2.001,2.001,2.550,220.95,097,27.13,798.77,15.04,0.9243,1961.8,3,37.290283,-107.882713,1999.5,9,0.097000,1.1,   729,,,,   355,,,,  -591,,,,   306,,,,  -140,,,,    35,,,,0.0,100.0,0.0,0.0,0.0,0.0,7233.6,1.09,67818.0,8388607.0,61479.0,135.0,1,1.09,0.00,1.46,-0.00,1.72,0.00,1.84,0.00,6.77,8.31,8.65,8.71,8.71,-0.00,-0.00,-0.00,-0.00,-0.00,0.63,0.0040,0.0040,-0.00,0,0,0,0,26.00,28.25,30.26,25.94,799.0,110.56,255,13.235,1.84945,1.601500,0,38908,4.08,3.34,5.05,0,0,0.880000,0.020000,0.040000,0.040000,,,,,,,32614.000000,16109.000000
0:01:48,1779211488,2026-05-19T17:24:48,2026-05-19T11:24:48,1779211488,2.002,2.002,2.583,2.002,2.002,2.583,221.45,097,27.13,798.77,14.96,0.9243,1961.8,3,37.290287,-107.882713,1999.6,9,0.145000,1.1,   729,,,,   354,,,,  -590,,,,   271,,,,   437,,,,   183,,,,0.0,100.0,0.0,0.0,0.0,0.0,7236.8,1.23,67852.0,8388607.0,61525.0,154.0,1,1.07,-0.00,1.44,-0.00,1.69,-0.00,1.82,-0.00,6.67,8.19,8.53,8.59,8.59,-0.00,-0.00,0.00,-0.00,-0.00,0.63,0.0040,0.0040,-0.00,0,0,0,0,26.02,28.28,30.26,26.04,798.9,110.56,255,13.234,1.85060,1.601875,0,38908,4.08,3.34,5.05,0,0,0.880000,0.020000,0.030000,0.040000,,,,,,,32594.000000,16102.000000
0:01:49,1779211489,2026-05-19T17:24:49,2026-05-19T11:24:49,1779211489,2.001,2.001,2.617,2.001,2.001,2.617,219.90,096,27.13,798.77,14.94,0.9243,1961.8,3,37.290283,-107.882721,1999.5,9,0.256000,1.1,   746,,,,   242,,,,  -588,,,,-50408,,,, -5118,,,,103118,,,,0.0,100.0,0.0,0.0,0.0,0.0,5736.9,0.73,54092.0,8388607.0,52521.0,90.0,1,1.05,-0.00,1.41,-0.00,1.66,-0.00,1.78,-0.00,6.53,8.02,8.34,8.40,8.40,0.00,0.00,-0.00,-0.00,-0.00,0.63,0.0041,0.0041,-0.00,0,0,0,0,26.04,28.30,30.32,25.96,798.9,110.56,255,13.235,1.84984,1.601625,0,38907,4.07,3.34,5.05,0,0,0.880000,0.020000,0.030000,0.040000,,,,,,,32589.000000,16093.000000
0:01:50,1779211490,2026-05-19T17:24:50,2026-05-19T11:24:50,1779211490,2.004,2.004,2.650,2.004,2.004,2.650,222.95,096,27.13,798.77,14.86,0.9244,1961.8,3,37.290283,-107.882721,1999.4,9,0.121000,1.1,   879,,,,  -191,,,,  -453,,,,  1067,,,,  1155,,,,   971,,,,0.0,100.0,0.0,0.0,0.0,0.0,5801.1,0.68,54722.0,8388607.0,53143.0,84.0,1,1.03,-0.00,1.37,0.00,1.61,-0.00,1.73,0.00,6.39,7.84,8.16,8.22,8.22,-0.00,0.00,-0.00,-0.00,-0.00,0.62,0.0041,0.0041,0.00,0,0,0,0,26.06,28.33,30.35,26.06,798.9,110.56,255,13.235,1.85251,1.602500,0,38906,4.07,3.34,5.05,0,0,0.870000,0.020000,0.030000,0.040000,,,,304.000000,23.591000,23.660999,32590.000000,16092.000000
0:01:51,1779211491,2026-05-19T17:24:51,2026-05-19T11:24:51,1779211491,2.004,2.004,2.684,2.004,2.004,2.684,221.50,097,27.13,798.76,14.75,0.9244,1961.8,3,37.290283,-107.882721,1999.2,9,0.124000,1.1,   871,,,,  -171,,,,  -468,,,,   857,,,,  -341,,,,   630,,,,0.0,100.0,0.0,0.0,0.0,0.0,5827.7,0.62,54955.0,8388607.0,53239.0,76.0,1,1.02,0.00,1.36,0.00,1.59,0.00,1.70,0.00,6.34,7.77,8.08,8.13,8.13,0.00,-0.00,-0.00,0.00,0.00,0.62,0.0042,0.0042,-0.00,0,0,0,0,26.08,28.35,30.36,26.29,798.9,110.56,255,13.236,1.85212,1.602375,0,38906,4.08,3.34,5.05,0,0,0.890000,0.020000,0.030000,0.040000,,,,,,,32597.000000,16076.000000
0:01:52,1779211492,2026-05-19T17:24:52,2026-05-19T11:24:52,1779211492,2.001,2.001,2.717,2.001,2.001,2.717,220.30,097,27.13,798.76,15.01,0.9243,1961.8,3,37.290283,-107.882721,1999.4,9,0.054000,1.1,   904,,,,  -187,,,,  -384,,,, -1120,,,,  8330,,,, -1286,,,,0.0,100.0,0.0,0.0,0.0,0.0,4909.2,0.39,46574.0,8388607.0,47981.0,48.0,1,1.00,0.00,1.34,-0.00,1.57,0.00,1.68,-0.00,6.26,7.67,7.97,8.03,8.03,-0.00,-0.00,0.00,-0.00,-0.00,0.62,0.0042,0.0042,0.00,0,0,0,0,26.11,28.37,30.36,26.16,799.0,110.56,255,13.235,1.84945,1.601500,0,38905,4.08,3.34,5.05,0,0,0.880000,0.020000,0.040000,0.040000,,,,,,,32597.000000,16090.000000
0:01:53,1779211493,2026-05-19T17:24:53,2026-05-19T11:24:53,1779211493,2.006,2.006,2.750,2.006,2.006,2.750,221.70,097,27.13,798.76,15.18,0.9243,1961.8,3,37.290279,-107.882721,1999.2,9,0.156000,1.1,   919,,,,  -176,,,,  -368,,,,   376,,,,  -236,,,,   796,,,,0.0,100.0,0.0,0.0,0.0,0.0,4870.5,0.68,46239.0,8388607.0,47869.0,84.0,1,1.00,0.00,1.33,0.00,1.57,0.00,1.68,-0.00,6.19,7.60,7.91,7.96,7.96,0.00,0.00,-0.00,0.00,0.00,0.62,0.0042,0.0042,0.00,0,0,0,0,26.13,28.40,30.43,26.18,799.0,110.56,255,13.236,1.85403,1.603000,0,38905,4.08,3.34,5.05,0,0,0.880000,0.020000,0.030000,0.040000,,,,,,,32619.000000,16073.000000
